339102
341654
224935
3022264
2034271
2041886
1817798
138548
2710067
2322737
390420
130413
211915
5986267
797680
1204580
1010366
2184770
1783650
864574
725652
1724575
1183684
1979143
1533053
1567132
1725424
907587
2467213
14494
2622933
398905
1766341
4316000
432333
805315
629022
2300071
465961
2405204
2342211
1750707
2978753
1530513
1526962
4062105
4803482
3909541
576726
2486087
1276031
448382
181688
2263709
1366670
782327
1820436
1304872
12722
1706897
138894
644567
456244
2770771
52511
380982
1187302
1741814
2920139
1529555
244951
685292
779148
2282042
2649202
579688
843651
176258
1578961
1057778
2204703
1336816
2106539
246902
105297
445603
2779790
2691785
422731
1337711
2618361
46115
1918131
706529
1503706
5062539
157671
4170874
2524746
2070386
2339251
159890
589509
2100193
209398
2708947
36785
2827343
1683105
1455203
97067
1196350
2195410
1290563
1857476
1081607
1569487
338655
2535994
104919
184546
2370932
2961014
2153342
2113318
2267938
258801
1964600
5241173
522939
265843
220183
1625411
5552386
3254943
1790807
2982778
47366
740651
980291
1244776
2018448
730143
2008317
442390
214588
357963
2489534
1859819
2831319
2928780
1568615
676562
1778604
3378583
1312489
4554229
1353305
898196
1442352
1605762
1181299
1254831
1356777
1979531
505106
37853
2584941
1091925
598499
470998
256377
1518180
1242572
2311787
3697258
1056351
4693297
1512465
899545
287021
2188749
1233229
389988
1162460
314845
4960637
1389336
2600590
1999768
5576072
5771337
1003711
2730528
5261400
5305419
858025
2996810
3834766
1283685
2946028
2074710
5415348
899
138548
2058537
1637583
2730987
805647
1418730
807569
1413082
2893450
1017197
1037523
5846184
1746337
2478112
1213610
645283
1781351
304351
2712873
1666110
1049857
626331
4871912
2214363
782327
5655897
1181256
1927026
1039914
2397184
1573236
2182231
126332
912195
3806441
605356
6556
371689
2045427
2588534
2498967
2200298
685542
2832322
28888
159372
628387
1514092
1979143
1345196
2591565
4472925
5544661
1528735
11305
872954
831268
1810210
1822306
2329064
869297
4176723
2638692
1623041
420028
416553
421016
5737168
2771136
569849
776100
848678
1697307
2236501
5378940
2667257
2477697
99846
3236025
1905308
1863208
1086921
2208293
1723356
1935590
12722
1738316
168210
5273758
2013484
1164225
186282
663137
5508951
1749175
2134060
4805933
203716
5061501
2261135
2418130
2031171
875127
3876452
309136
2228837
102468
2669027
128753
2601537
2128599
2196268
2682193
1538364
2191568
664961
1797228
672465
2569191
66334
11220
315205
2911757
2375497
2526759
625654
2098012
1487277
363679
1791127
2092489
2931536
1824796
1826032
1977566
468540
1525822
27631
917427
772350
460527
1230527
2007893
1012994
300003
1116913
1677412
1851897
199676
2329064
427866
1861747
157983
826923
3455328
138894
2121443
1819041
1511445
2143981
678203
315205
1773243
856277
1610479
340993
1822306
2992989
1143921
2113200
914591
2162918
205218
3880367
2035926
1106666
2513935
2420285
1116723
1603193
989541
806710
2634790
1525822
4483144
5014998
1430565
5920510
1797228
2998984
277574
1417591
2435626
1022944
2144520
1976283
1563143
2338105
861162
1946227
985748
2379261
894162
714409
1753820
2665971
1792113
5884879
1863208
2180490
2569060
1324777
2736467
2000701
1569010
4344572
2032081
2204787
1438166
1501149
312691
4563445
5687675
1831817
5499350
1697539
2362318
5247334
125733
2630484
2745705
1726993
2482468
1761588
5486522
1020015
782889
974433
2304738
808321
4755667
2807485
856148
237133
1115412
1528422
4211530
1136581
170967
1300857
757298
1479085
579593
2341358
1312489
1339936
28276
66334
723678
1100735
54787
1146382
1127021
2204703
715927
2491194
1807823
1373505
5375900
522690
1738509
2608001
1418688
1371102
751970
850786
3032864
1070114
209398
1070114
1503049
485585
2028069
1086887
2996562
54526
55560
2150204
968536
118224
1312489
534070
3389442
2196122
462746
2550940
1127021
1922436
809009
1960154
2916551
2289756
1643378
3060011
2442224
798810
1038284
27631
2100933
472124
869297
2110733
1409755
2820850
2154039
1457806
1755274
596330
2990377
2837706
149049
2756180
909027
901919
5998625
1713698
2851515
910217
911865
1235225
280960
2012518
3777407
162309
1725739
1325117
630367
2950279
1477015
1828236
2779790
2948437
217000
848678
3197752
2084030
2102549
761661
1042149
457803
1055737
994174
1568207
661530
12722
2751769
11305
1861747
1415132
916244
1872839
2457162
3214433
595332
353067
825983
1786877
5902664
591776
1901476
2520200
936272
2553082
703879
997001
849838
2291678
1759573
2038847
4663842
3329052
1447781
2343887
1548900
2104952
4990377
1070114
2533409
1235095
2601557
50456
2923143
3867542
939646
2373997
3897092
148569
925932
1827501
338655
1605513
414106
2755377
2863854
1377394
1409354
2619641
739758
97815
2755880
337350
2907157
2204965
1683089
2174135
2241790
457187
2676936
2804901
3097963
169279
856510
1938975
224368
2697683
1929636
2927740
2108973
1629921
111287
1374678
1917827
5341615
1227420
3457518
2277180
1511035
595565
157656
921646
1435311
1611832
2356854
2700365
2450186
1177971
2154205
2153686
2109171
464993
1337148
2458337
2406166
1562795
944154
4792042
1773977
299037
750131
1390609
505947
1529388
2541623
175260
2787771
2791456
497849
632521
2915002
980291
2971218
1785413
1971649
2864646
127840
1633023
2626793
1533271
2894373
504783
111287
2139312
2654247
2339251
2890292
2907716
442390
1807743
1630776
228187
3210691
3816252
919356
1344889
3299052
2854509
675467
838747
2515081
5593958
1486281
210462
2222718
1653191
2010734
2520831
1179672
244577
2629563
226722
754192
1414314
73430
844596
2591565
2918636
411775
1646243
1559597
2042263
1306300
1757211
1001848
372134
3361478
1137566
1909557
5336298
1213610
1699898
1960896
1611412
210095
194093
543242
852491
94479
1129979
1259232
2029937
1891497
2262940
61516
2195067
1851539
402522
5874018
1478091
560873
2517425
898849
1308692
5712245
552064
1372715
63719
837522
4167668
1959746
187284
1865624
2274775
2961953
467556
1625852
4058750
684779
194551
2908211
1183087
637335
2431738
2183749
2651234
1882263
2878569
5589933
2708550
1333314
2512669
90565
2642998
757298
4388520
2384660
1417032
3385821
1823413
1760746
1643378
805217
2802906
1763270
2981214
583336
3806553
2263914
468497
1430565
371347
3264781
1178849
2873084
4360829
2714678
1946227
90836
800200
4892048
4826499
2555322
1237242
2747147
2797081
1054296
1969975
1229530
1223854
2627681
930373
2441620
753772
636794
2555322
2172657
2886425
1605120
1909778
215197
1337136
2305376
1654802
2626783
2080123
2559138
1033225
1268848
2066065
636555
175907
17804
2884930
340597
432333
881692
2245252
89280
2638923
7690
2161860
923189
687005
434163
225338
482421
1328649
775290
1747757
314845
466734
660972
1579097
902186
989541
319748
2307832
442134
745606
1223854
471267
669891
1981308
172425
1411433
804865
676708
790181
2996810
2220769
861480
315972
881998
2034271
167923
2469735
756529
2545863
2886950
1146382
1221902
1697158
1245846
356411
1562795
1406861
2433433
1470740
337350
127346
915362
2445098
2281090
1821769
1367177
817385
59053
1968511
1577392
169333
1245948
5107926
543517
2432663
75543
442390
690779
2079824
2741008
2270054
1453088
1282513
831268
1756383
5854033
1879305
1245249
2765059
1078483
2613385
1938358
1157153
62040
992320
717250
1956081
2506525
1257317
2974448
200414
2890292
1297614
2621166
27452
1995441
1585553
2339251
2674158
5235085
435507
2632818
1920188
2638976
535584
1533271
1402399
1151383
287556
4395921
1417590
2804901
2194732
2258314
1176596
2144050
2631073
1628552
1833323
4043377
889773
2148298
480256
916378
1421780
1765970
262490
1093773
3829767
2200082
2474111
85412
2681490
1558870
840159
2298857
2330028
1603950
1796622
2236534
1782919
284671
141293
80446
2754263
1909557
1271581
1405610
1704640
2480590
1634988
1258467
1761845
1187252
1131736
4408642
2745411
1432730
2619535
1567494
312691
186523
1544986
1012973
2724090
2387280
2521146
976721
90836
358833
1977321
739913
4671074
110931
1273772
1748285
95401
2261135
995286
701776
106152
140805
1222284
3783368
729399
1918482
5271661
903916
2443620
1529715
1541992
4972775
1336816
1048979
1755555
1815583
1923293
593766
310302
2891309
1220371
2493956
3942933
2204131
382073
1680636
52559
1305770
1401603
753963
2482536
2491564
677989
1748285
1089460
4188985
7542
222547
2390482
224935
4647765
17821
2248299
2836145
2071722
1757172
4495277
2389987
440718
2645437
1457596
2551524
1127177
93892
741350
518454
510786
4632318
1610585
1866350
1077958
2941723
3877224
4559770
2911224
2014549
1577392
981783
3887205
2460035
331441
304140
168098
2009864
2001469
5684341
1563617
608668
489343
2770133
2814981
840785
1421780
671880
1129979
1457596
2150204
2330028
2062631
4871927
1648958
180348
598499
2995826
315205
2693278
5167367
2198446
1521399
2893450
2537950
2480398
466254
2113536
1971649
3395027
943222
693466
2562524
1558870
1622503
736063
2732677
692902
2601557
915583
2373991
138548
505947
1206091
1312111
2050802
1559245
544186
1786877
1605110
576726
1303717
3829231
1738328
231286
951269
856277
38807
5698017
2048040
2913371
1349128
1965379
1422683
157844
4023969
2897274
2602744
2934157
1909778
1756079
99091
1793165
4282062
2070075
24755
1866129
2813422
1186565
242789
2941723
1150531
753729
1553572
2030751
2266742
3977656
4597620
1775945
2821059
1965379
696175
1679388
1526311
830215
248995
925725
1207868
2352771
1216388
2658895
811646
2198540
1927016
1187302
645757
385095
2735020
2788663
867477
2334227
2054362
2059355
5800678
1248939
1029519
89956
2023452
2678230
1600945
2834619
2793128
2517425
3588643
2891309
1498396
5015575
3258245
1136581
2440867
4391477
913869
1612240
2287117
1975965
775982
2791620
2946551
2886637
1976283
2870234
2467213
3127638
1303770
1637247
1468335
925932
5792934
2325798
1477015
504783
2541623
1263991
1525512
1320152
1786453
2846603
2803312
1564594
1143921
131486
2333064
2527450
1143921
1444174
1530957
179442
2394996
874852
1784487
2612485
884507
595776
1298773
2451867
1126811
983122
2901494
1539478
2930979
2343000
1552208
701526
2713686
2551730
592066
753199
1355516
2828644
1983675
2675953
1782919
1874302
1457435
1773243
2944824
3786296
5741017
2857020
2308505
5142599
2785864
1826428
2490268
2139312
1603320
2038847
70934
2787671
2439316
1358399
215575
286098
2664350
2337693
1239631
2391360
2793128
2638692
388531
2284312
1965379
2025749
1304872
1182729
505947
1977563
5639960
346204
2447459
899545
985683
3526696
5294626
1112890
594585
2008395
2553598
998794
2667503
334005
1093773
1123238
1565834
183940
1059309
1127177
1520178
865285
561953
4987334
1247363
2409408
14782
3771660
145501
279617
1503942
1946161
2672559
2402224
2729556
1027544
859141
64040
1605513
809925
1218936
251744
1856124
2937012
633232
1971481
890229
1298826
895051
2341926
1158311
4934313
2017901
2288448
465961
2266007
1247363
1186273
322473
1849918
2030751
2486087
1725739
258300
2206835
212108
4268759
2601105
2680291
1736073
555712
2297520
2204131
875869
3207479
278335
242159
2887530
2374037
1122608
877152
472064
916244
520742
2030223
39895
362551
889714
2431738
5946993
1950833
611623
2477142
2619535
1530854
2004717
1990077
2684223
1911680
2906150
2556388
5126674
1679388
2976540
277483
39597
1966633
2852894
2817501
1607796
1671408
2577572
2943044
1297614
1686569
1797151
741283
2152177
838008
1238644
963968
1136159
1964600
1158877
1700248
538620
3697247
1483835
5308724
2470960
1833323
2840436
2783733
1192005
1534700
561953
5320000
2065468
1186565
1479085
922968
3613278
139915
4902785
622956
2314855
1207332
3552787
2268518
589939
1433748
2284278
676562
4831139
1025768
1975965
186318
4329461
671880
521489
5024479
2827340
2229410
1851539
630367
819535
2850688
1035618
2300329
2246110
1521775
1607449
1538364
2157981
2543450
2561507
1268848
3566067
357145
1920391
2791620
1257065
43858
2682193
803613
2809295
1817838
4176700
249458
1455203
835432
3186170
2121384
468540
2036649
2530598
343878
1547615
771899
1037523
2110484
501694
2280925
261666
496775
2204787
2789563
284369
953680
164056
2653894
1661630
251676
1896817
1538364
1513859
3536402
5935658
1789645
3954914
949793
1950820
506172
2397121
2681533
331905
1715122
3978212
343752
1283480
5044318
1839568
2595097
1107877
2738565
5520693
21845
1521775
3625335
3866218
1998338
3463655
1274544
458828
3018945
653684
2245911
2947398
210974
2027719
774849
1539021
1500749
1484696
1380677
2669027
2849895
490798
573451
1171172
3943433
1592848
1515688
37853
2946551
582589
564760
2938313
1043260
1394266
2820848
1479085
2975765
1436320
2182666
1516286
1799414
1865799
913683
917187
1238644
2727483
1328649
956629
31557
179802
248995
902495
62637
260901
311488
2543450
1872425
2517229
1683707
2394996
1413833
932461
248515
1621436
2769630
1436668
574616
1420493
1605120
2315599
1410409
1142624
4339934
898595
2838409
1185672
468540
572820
469239
1827055
2840436
1397698
374291
914553
2890011
1707511
2335301
1642808
837522
1217226
2242952
292197
4296452
2539500
964710
2628288
2231506
2684299
206146
1112890
1267997
4134063
2944466
1605120
1168005
907441
1914481
2072464
2580067
2414035
643686
555561
1339936
2325798
2879452
3271734
106090
1589067
764826
1298826
2748117
1947981
2611139
1561414
857192
2170270
1539257
3649425
1179107
39895
1212192
1263991
2689038
2586616
2320804
2736807
2033396
2820139
2482104
2617412
1747874
963596
873689
551218
2166756
2821059
2913238
1832706
1286816
2816523
907441
814654
1204580
2372609
2762642
847526
993304
3553490
572211
2508321
1076088
290770
2862519
2201961
1452225
490737
2014847
2412891
907587
2914321
1114530
235018
2626783
259201
232954
2180490
2236172
3193778
819299
541491
2044258
1298826
1539726
5607010
1847680
2204787
2851011
1753287
1743222
6839
989541
599522
2777255
2534161
2246110
1525193
2655456
339102
458223
5929822
1133522
753772
2039218
1069122
5502262
1288673
2662555
1882430
5030216
1100847
4182448
2730380
729818
232025
1225945
753199
1961600
490798
2794465
2457778
827857
3218190
1059309
2425132
2914321
615099
856148
1416773
2106024
1097073
1253578
477540
922687
2045427
2498314
1418157
471725
2405204
2828022
87673
4642446
882660
1933243
1634988
733526
855762
753772
862408
572638
1039255
3155330
3482535
2390321
2146360
631733
2182012
4986504
792471
1869864
2470475
1968009
3193119
2985066
1724054
645411
96215
2974261
2555990
3982471
4598447
239908
805217
1544816
1553493
387340
918265
2198032
1116723
254612
1416365
310302
2039809
753377
1707511
3722608
1711854
5205048
24856
1436668
872538
907441
15670
1295658
2923912
2788663
115851
1337711
1286196
1108673
339287
3084692
777900
384211
1227057
907441
1967904
578675
1531435
2483254
2777255
5733520
5837748
952414
1328032
2726794
606046
669544
819535
2231506
875472
2360729
2077452
1867047
2881568
240270
1935662
5992513
445603
5032553
2658743
812725
2208381
2812567
1898546
161387
337350
1911705
1990077
139732
2305035
125264
1242878
1973553
80016
520593
812536
2658218
1616892
2561632
736753
140805
600518
2692208
2730025
5707904
1556983
469607
1389630
2134685
1142624
826159
869817
536367
2089545
2924813
3542302
5529617
3111492
1127589
2946111
2309842
1634464
1339609
1965379
2892519
1202395
2050802
2500773
521489
379855
602858
2330028
1993133
2484053
1268848
551218
2531730
245296
3059530
1312492
674942
1899449
2374437
3364892
355178
1087097
2709325
1434286
684052
1561414
636555
2338105
373587
735577
5003593
2841293
1455203
2523410
1548900
2031171
260897
523233
2497906
2189050
4747468
2493627
1640976
2073724
1942398
1382251
873997
202326
873431
1433525
152050
584051
862415
595144
1077450
2594810
1353032
2783480
97815
678203
2195040
26397
4554460
1093866
2222026
3091326
806479
304140
2645590
1081651
1253438
3058214
374634
1027544
1641638
1617380
2752946
1699607
1975181
2674158
919707
345879
505084
152144
2533409
888837
2109171
2846889
4997542
2079824
859619
2304266
1080608
1784990
2145285
1525193
3569441
1367124
5392579
3486508
2297520
389759
5753365
2649977
1541992
692902
2584573
5148262
1364482
1971481
3274417
1280923
723332
2916249
2480175
1612240
1787381
2385098
1876565
785133
2176642
558525
768557
2206835
176258
3434911
5839139
2508321
2891669
1110655
2852894
1646296
444412
753772
1189464
1773977
807918
1188061
643804
376127
1869390
2485657
2370073
2658895
1265588
37644
504783
1915885
408153
832224
2163233
4597595
870617
2913371
1254711
519432
809925
1390609
805520
991892
1890608
1934413
506172
2396906
2712416
1678186
964050
3268007
2914
1594284
1820331
5877638
32888
825543
5757674
5771038
4969962
3607097
1683089
2354259
137646
2659744
801282
88879
2718120
1916694
1539726
467556
2857427
2279376
861258
2555322
1166574
2094611
695272
1407580
5080581
753963
4915490
1050360
1268982
535634
2265084
2781129
1410409
1746337
504783
794584
11220
2413192
176019
919707
12722
2799692
1177971
2276590
1611412
811286
1692463
2509440
729278
1998338
2423017
5002742
144945
1656053
4673555
2429638
280509
1748285
2137458
168339
4579138
1066628
1028908
1582688
1881632
2459292
1220371
1045241
721820
2885729
243251
1411052
5871581
1507151
2852354
1479678
1990725
5846026
1263991
4393266
1041834
2119808
1620333
585684
1943518
1430156
1934354
23418
1463851
812536
245663
894162
282100
2343000
324133
1537821
1933243
839033
3648576
1644161
2474076
307296
2478112
2675541
722650
127840
693335
1379645
1189938
1887837
1267997
59053
105875
2934157
2000670
1843482
452923
1774865
1692789
439581
2042263
1709320
282016
2283737
2878230
3685944
387582
573034
2813422
43558
2631471
7905
639040
5612409
646141
2813234
43558
2144520
2320754
1837939
1222185
1897696
5337469
2107076
515276
909027
510786
4243202
2874966
2676936
1276550
1991045
1404892
2196268
2540802
2225402
2029937
2690168
1223711
1372576
2490268
2846416
151204
31557
2638976
1011900
1075221
1686569
1408743
1923133
4642492
1621721
2208445
960441
1795201
177681
909027
4357935
1360439
5363832
1524666
1736157
2078026
1812707
5671430
2982477
2777748
3398685
1639796
1485178
2029937
2028678
398905
2353559
2708550
1207283
1988557
1163989
449166
2979651
2167824
2785864
1453882
2908211
1709320
2208445
313531
1475653
3631846
1199869
332170
2199771
5553126
905541
521770
1031251
2207103
3409398
2725601
1010217
561953
1726026
748731
263035
1267268
4278079
1263991
35291
1594200
1310756
2236686
1359779
2619535
379271
3219125
2926134
1257065
2467213
5590269
2804901
1662555
1470645
106090
1905308
209524
2738565
3559334
1029519
537365
4872356
2376890
2111644
90727
2805710
2182214
2582432
572008
558857
1165159
471759
1622503
235812
338389
2104952
4388094
1603884
3661816
1967657
1751078
16058
1476963
1990861
5692673
5437164
2054221
1337148
490737
1063131
2814806
515495
2038847
4943682
2198464
937026
744758
1935662
1089460
2091513
1854092
2570832
5404551
1980555
703069
537365
1780932
1618474
3247337
71469
2426969
2813146
2985066
1935590
912334
1434840
2551459
4222454
248659
1662635
1433353
1307959
891070
1787805
3823030
587913
1818002
936272
2728796
2175524
1164334
186523
1165159
974339
1481661
1267997
1877584
1531435
4930529
31335
12665
2793655
2817501
1534146
720222
2318805
2402390
1641638
1086921
2114609
2779790
145501
1312492
1772825
2408674
2570168
3964148
928417
3727584
1042485
2142876
914905
882660
1052453
2892656
2509236
4212932
1152995
2602741
806479
5456100
1175582
2153092
1092990
1303717
1606312
1960896
1971649
455096
1127177
2238009
1918131
2752946
1556885
269909
2491564
2085940
315205
1569010
989652
5608301
2797081
2954944
518824
1106666
1377838
1998094
537365
2978753
4124945
168339
541615
2242852
86642
604753
913987
99798
2448475
51552
1314542
1591114
5724291
1565444
645411
4232831
911398
2756290
2890068
561953
1618947
2085387
2489619
1738316
881692
1490169
1178929
408153
2955471
2880365
1908390
1480195
2350828
1372576
1517175
2682193
574835
816412
1375169
1371942
2972768
2993170
2756290
563200
897412
834076
4394603
2812774
2905057
512635
874852
741283
5919827
505106
2657118
3119364
2702252
1791127
600886
31519
649510
2111644
2377154
1697307
279306
3136940
320263
2695828
2150204
723655
1534700
232329
5201076
938950
147013
2356854
163586
1737205
455144
2472177
20239
2330723
1683397
152144
1676243
1516577
377513
1680576
2545863
917427
1653191
208170
309287
2980048
2591052
5335437
2907157
914606
1010523
1264084
1306300
128753
659261
2047101
233882
1595475
1100751
1528237
1932945
2719164
286271
2894024
2486370
1715671
1312492
979652
1112953
2816523
4621508
2213684
1659387
2937012
828245
1245948
505947
1620324
2108608
4661022
2901494
5118760
1798840
2793304
2320804
721587
2286769
1959732
174081
1538364
1771509
2692443
746985
1947430
1738316
4990958
2880365
2497906
1619435
1107779
1669244
609598
5911118
2738565
1046645
24856
343728
2063941
805315
2374213
1796622
5963116
4816677
2047195
2971088
2799631
292197
1086829
888837
1409354
1659896
2268391
1527877
951383
138566
1403842
357145
93892
2402187
5008058
1063322
263035
1626303
1586721
1253438
1522930
1661445
1304004
4559085
1424166
606538
1966696
929993
2738267
2123340
275580
929412
3414745
2552109
2476891
1164293
2181364
329858
39597
4720164
41308
2822245
1626373
1489440
3522175
5926694
1564594
2023822
259201
27452
1436335
2767318
1679388
1967803
2153342
2957068
560873
756529
811219
936272
1567132
901634
2261730
1512377
19665
5961639
494433
1227420
2665971
629850
890229
1049857
353067
337350
258300
260006
496775
898849
2242952
1186945
3377168
538620
1705625
2631471
372963
739564
3623884
535634
2200082
912361
2419240
720222
1763270
355427
3284349
1165511
240270
2691437
5440962
1932945
5456419
2551730
99475
66334
2693260
1925710
2042263
219225
1297751
710678
17736
510786
2105784
2034328
1257317
2805966
2152177
679963
1022029
1262790
705761
1220131
562061
2716379
1991045
2345344
1678186
1400582
880672
21641
2703751
2192207
1906805
275580
956629
1232283
3642159
2284243
154532
2328117
1468915
2195040
2145108
301007
2562524
493385
1126257
2221333
2611139
3431758
356390
186521
1785413
4474290
5419756
1615940
520382
2008317
23418
5354314
1659015
1396756
1929636
869297
629022
2542331
4099297
3257850
2240932
496612
1281122
1311677
1833853
1326068
1434286
555561
1426812
321580
2617360
151861
4820024
520742
550720
937358
898493
279306
1245383
164056
309136
1628921
168339
856148
2101652
2496670
2143652
5314717
3689285
3780252
43767
1546751
5823567
764138
2481007
2985066
2930979
3270708
1444225
1194388
1478210
1906924
2721414
1127021
1568270
1704640
2902637
2979764
1637247
1166574
3917178
2493956
828738
2805693
393326
854895
593721
2931536
546521
2538570
974390
304669
1507631
2658267
1344144
1607796
652637
655046
788938
568357
1235095
722655
2597758
1533149
2213684
1086826
2873408
865285
2277771
1349435
3217781
2122640
862415
618091
2440867
1835179
683231
574835
1541992
2713686
1417591
2520200
4505404
1757075
716983
1573236
2150204
2727483
1094624
2413939
2971088
2078026
3530976
520382
2054054
2756180
2690981
553733
2113060
2873408
1607487
1272978
2305810
1927026
4566423
2748283
531595
152144
1789321
2065044
2313837
790181
1399106
2726200
981783
11505
622956
46994
2302786
1782919
1480195
857192
793771
1535502
764826
3639420
2852149
2926134
2914
1090222
1367177
880168
164296
982329
2045636
943222
2878200
1093773
35291
669891
2860056
2665188
706537
2656491
5544502
1455466
186521
2839361
2539456
1108859
895088
2637743
1098509
845233
1410409
1487646
861258
2000397
2520725
2658743
2680996
2674708
3800214
4235888
1423328
2649010
178806
2649977
1991414
860981
596198
1179136
542988
1196305
4742846
89985
1350823
1990077
1421586
617699
923078
2067217
12012
1817187
1163458
4974057
1020173
881692
4412214
441856
1066135
2703769
2222132
979652
799350
70523
1802365
874547
801282
2140339
1683707
1522930
2459292
2134144
1177971
894162
1131877
1448422
854895
800200
1217549
2440963
896428
928065
1956081
710145
2280487
1692908
2896171
1222957
2245270
472124
2680996
211738
2699560
2233724
1854891
1451320
625225
2872496
4422571
65059
937501
2342211
683231
2544573
2201961
2680291
653531
1927026
1446460
576812
519094
1204580
888837
523182
92845
442134
1525822
2408860
782327
3015483
1306363
2793024
1168005
943083
1282773
346204
2832122
122661
1932858
880583
1402399
4424350
2315933
839118
944154
3335341
2033241
148569
1355516
1638253
4178188
2167424
1859234
2109832
1434862
2207688
4132949
1989564
2713881
1529074
2078244
493041
2138318
1032372
2803553
1027544
1935662
923709
4302287
700894
21543
266310
186282
649941
410678
270630
1636913
360061
5332268
1511035
857681
2470275
944589
1503942
2586995
752617
464993
4036790
1386946
433519
761206
2149402
3388694
915257
2120522
2434950
2107051
1756383
1640329
326083
3392715
1039914
1700406
1353113
4649037
2982723
37853
1637772
2645590
42536
2907558
5165271
96215
136535
222547
2666518
956629
1058821
2062631
172596
5718140
1204367
4285566
741283
1802365
2878230
2036649
1812241
792471
1618061
867839
2999025
850786
1611114
2083159
580386
1031251
770054
21641
2833927
1074861
224368
3101356
1773525
1334034
302532
858025
595628
1029910
2975765
1485390
2876074
749359
1476963
1889766
436238
1069247
4437254
24755
938576
2841096
1300857
1402965
1756079
2286812
75880
2579304
5675583
2045636
1652440
169221
2637584
1330574
2658743
2656061
1872425
5824077
2354259
2480590
1513859
809009
4741663
1244794
1185488
5990620
739758
762155
237224
228902
1049857
2223588
1567610
3273228
894162
5473345
2100933
364496
2163233
1653191
1062815
2021112
2342211
2782671
3457339
699345
470998
2674158
188439
2421565
1039255
2737121
1093773
11220
4871038
5663420
2434212
1011900
2681490
413417
2982368
477202
4934096
2549975
2702252
1716930
2912760
398905
2942642
289049
1612121
5864684
1024689
2569191
1531614
1394266
544186
1882452
2757845
826159
1872408
1071973
2079169
3666402
2443540
2745411
2514885
1029910
2438272
5746902
860981
355276
975587
2544573
2028678
810449
2519777
1077022
1217226
1802365
2487826
75931
13328
479484
197811
223483
183940
2950918
2143276
1318357
1831043
2657261
1086582
283771
425448
362880
2480175
2089545
2657118
1825549
1773525
5066472
2260462
237224
2458337
1430966
1724054
1859035
1416365
2570412
94467
502299
2213681
1824796
2852897
756177
1636913
2031171
2378182
2871074
21845
1612121
2204787
2659744
194093
2539500
432333
1899449
2518783
451661
337350
1268848
240311
535584
513228
440465
1225971
2463400
1552761
2559707
1220371
2144050
1820285
1956081
1337711
2397434
5748891
1244033
5145757
2437305
131828
2278011
1282513
2838409
4068052
2776402
5057693
921539
2153368
406330
1468920
825983
1029519
388658
2343000
2839361
703120
778090
458828
2485179
828738
172596
377513
3617306
316975
1960896
3585760
805647
2778265
722575
1091925
2809295
2252571
1322387
1263991
5449927
1959677
5698617
1222957
469501
1794536
2484053
173741
4880508
1407423
2207688
2863740
2687962
270630
2006542
2074710
1692158
275580
316975
259338
839910
589972
2201215
2197382
4330360
1644767
1989005
2455492
1912862
1223854
3968200
136535
576812
2615690
2920139
2458913
2191496
280065
1511035
1043668
1262790
3504370
360061
86642
509593
1707839
625796
1856934
754471
1128396
375051
685542
2556388
2822245
2902637
395939
2112378
2591481
1576049
1444909
592848
462609
919644
2277180
2476891
1993133
944154
5616701
212833
2270054
1094022
2589787
396415
161387
646890
2357406
2354259
2455492
1034747
2691785
2001145
1639672
287403
122661
2998984
1534777
2873899
5131935
2182666
2916249
1783650
1752974
1385895
3841242
86642
753692
1626114
80156
1168005
1336816
872412
2813146
882660
2089545
1413800
435334
5369515
1279101
1276802
3003406
2128599
1405533
761548
39597
1674550
2392081
141132
559410
1787850
7690
753199
733526
1353637
852923
562515
688762
2993503
2414705
17821
515495
471725
1806765
1734428
287021
4553932
434163
2207638
2617360
3604127
2552109
2647944
2078244
2490268
2484053
817571
1232283
1624011
476795
5498905
281274
575501
677389
1869956
1854119
2054501
2304738
1776164
1046645
2047812
490578
2562524
3316774
2503572
2800476
2597817
200818
994586
2914128
496775
1375810
633232
2170270
2050802
5427273
1984426
483723
2569293
2946028
902533
724955
739758
449005
1669122
1464302
3444833
1837939
1649582
2380102
4032961
700660
476105
627715
271829
286489
1786453
4676981
384654
1534089
2690168
2064997
2876074
2073991
2762449
1879305
3396650
915362
692849
260235
375051
1483891
1844908
210095
1535824
2401959
1530513
1248350
2480398
598499
2104952
2958926
1661423
812451
609563
4809739
2809290
2175875
690499
2761408
5034494
519094
1419710
838237
598950
86642
1267280
96215
3522731
1334034
1204580
1308692
839033
50197
1618622
1698679
1276634
912382
2675973
109333
2405204
667616
2561762
2402049
2738565
1876649
1282790
2555322
2799692
6601
572211
1697307
2583213
1535502
2766585
1637313
2213684
2645174
2156482
2490268
1780932
64040
154743
1731606
2514279
454092
603674
2379261
346204
1854908
1866129
848678
685542
939646
2224730
2013484
2343000
2431738
1539664
1812767
987572
3793747
2619641
1957584
150699
1116723
2974218
387844
2832603
1771509
2300329
713335
520742
4528945
1257857
929411
1581198
464454
97815
2792496
2851747
614033
994174
5930814
2832422
390420
1099338
4074515
1694773
2743962
859141
238101
2280109
2971586
646890
1528237
852923
957692
2419488
2485205
2333179
2635504
141293
2443552
3134999
1707208
1837939
860981
910857
2821059
558525
373332
423454
5951185
2170270
873431
500184
1820331
1990725
245663
2354259
2810270
597740
530660
75842
2348643
1478867
1068773
1465236
1501767
2207808
468540
2350943
2134144
2032287
413449
772350
1981308
2151603
2699560
3979969
1233871
1590681
442274
2207384
74283
2658743
426664
279023
2150882
1993935
629022
1183632
675431
1944386
478174
1674654
2177063
4967558
1680576
1354304
2985648
861162
2034328
2199771
664961
1029910
2099470
2788011
4083347
2601518
4041378
4327701
2909892
251676
2555614
451104
1176483
1702202
2533409
395648
434964
259201
2627681
150758
464581
1024690
2348786
2193332
1810007
1876793
16058
2601105
883579
2983804
2647944
2714678
962324
2904843
1271581
2793158
2522928
2337693
2944466
314996
1563194
1893715
944995
1827501
983122
2913939
2594243
1966696
1395273
2783328
279158
681686
915583
1070498
326973
1521582
1616892
2928780
1565550
2312950
1563194
1447408
1528735
2563630
1942672
1378600
1582332
2208445
1061095
279158
869324
782327
517351
157671
2167710
309889
1386708
1531614
2242952
432333
1752694
2535117
2057165
89280
2440963
2079581
1038033
1879739
82252
1454827
1468920
1935590
2506270
769895
128299
2498314
3689793
3156460
300888
2972118
1521399
1132727
1563194
395648
139574
5874405
1440571
1626373
5296459
5826452
1502878
93892
2266408
1353305
934933
4192410
1112123
5659839
2316873
2263786
890229
4857251
923709
1052760
468540
2040209
1909557
688094
3423844
111754
367745
1872425
1948630
1724575
1514092
670860
862415
287403
474999
2441564
2360729
293468
1394755
1077628
2567577
2797929
27631
626331
722605
5114617
271466
2557977
203556
2850162
1639924
2622933
1468920
3057182
802471
541491
1031179
694442
2294728
891070
5758128
1207420
279158
1590776
2073724
1344958
2018448
2892990
1353624
1902960
2576455
203556
4601685
1065378
4214995
1382741
4303057
1057778
2761581
5051772
34580
2909892
1353624
2640885
2597457
1252313
131486
2370073
953680
2075190
4466182
188150
1738579
2525
789785
1041895
82252
2142910
1604250
1233229
811286
4574985
604753
2315599
172425
1337148
248515
2689038
508896
3151345
2207384
1754659
2812195
1386946
1207868
2177622
2847010
1163623
2792496
1868008
1339936
1194391
2772502
345296
227202
664961
1639924
55560
1100735
99475
78779
1847680
3057775
2054501
1327509
2613206
2838409
137646
2697763
52946
769895
2028069
2473748
1982677
226200
1372715
65059
5068226
3062080
249458
1676589
2622933
2572326
1436320
5290926
2388108
2570168
2655638
1968009
2697683
626995
1787381
652637
1579199
1116100
398905
1778658
1448422
1150675
2563265
1722361
2681490
1370026
1479085
323098
1468344
1330574
753963
401314
2028678
888644
1644767
2827043
371490
219132
2242840
2571393
1975502
3604462
1586832
980291
672251
5049567
2319630
65059
54787
4125127
530660
2052193
866225
964710
2801767
1352126
3677404
707272
1528422
2209924
2062091
203716
30279
486592
2198612
4602394
1453882
5525004
2302786
5752177
487850
422698
1778294
1908390
5178780
285518
1476963
2231506
1984224
2734805
572638
433577
2221328
1075221
2566061
922687
2113318
1428514
1501149
209524
2697683
2714550
1569698
1311677
2402619
2831064
2187399
993661
1310536
2794465
1716185
2925025
402522
2778840
987572
1057581
3683665
280509
936612
2795024
2478041
2947398
1114331
2794465
1447781
1815100
181520
562061
1538908
1345196
1276031
1578961
4915089
2362318
5117071
1386946
1374678
2562892
2059355
1548142
2693278
4987448
1663257
1636957
869324
244577
1770981
1726993
1019933
1565171
2004731
2221328
1116100
823072
446062
3618720
3308212
2350943
5067705
1394266
1497693
530979
562061
2823089
2195067
1417591
2783181
895047
2673047
1112953
1882430
203491
2461359
2125479
2431061
2828235
2492927
1417132
2737495
2755255
1062815
848543
1298826
5882579
1199912
983122
2864261
1628921
1375810
2550940
2389987
2571678
2566820
192404
535584
1782919
1788127
2172880
371595
916581
1509188
5654546
1705625
5428873
1353305
73202
2340337
2144520
1070114
705962
2755880
1049015
996800
2667503
368517
2374213
599904
2402619
2321641
1180827
2270054
2619641
1696320
2667262
2203700
2150204
2483017
1235095
2072367
1594275
1031179
578675
315205
1039914
2527887
388531
54430
1483891
90511
602858
3496379
269004
1403230
1673926
1878982
2335972
3371395
293468
4191830
1644243
2062717
461830
547134
1310708
43767
3012607
369601
2729492
4918688
2240932
762155
1985960
1179136
2047667
857192
1447781
1528422
1181256
5794817
1347392
2036649
2812567
2951363
515787
505106
1049015
1964600
364462
2100982
1913076
4381699
5268914
2597582
3355662
2240541
1186945
300003
1046645
1932449
4757089
1341526
2911224
2587075
242159
1185488
648176
386674
2455783
866225
2730987
915583
2570412
2035926
2305376
2151947
1372576
2567253
2121384
1134354
4021652
209313
2926134
1382251
2396906
298358
753729
736889
2046988
1216523
895051
1692463
1697466
740651
986573
1579199
2011771
1225945
483115
179341
640352
75639
2539456
2450417
1959732
706529
1503967
2121305
157109
806710
1526311
5583066
934361
2666078
2848842
2494610
5286230
1268848
595022
1038033
2274960
1898546
844835
2203700
2816860
487784
3750185
1607449
2571678
650809
1164342
1929636
596538
1038284
1233229
929864
2982778
807148
1382251
2305518
4639836
2167478
302804
2583330
1101473
2996810
968153
2570412
1854908
2821059
3990619
2062235
3879540
2078491
834076
776100
2946009
2638692
1965111
2975550
974698
869817
1069247
1177470
2955471
1928673
2410276
4892795
1470915
671726
1062815
1865799
805647
611915
2419240
2106024
1077450
1090222
915362
2765379
1431527
1081607
916378
29897
17420
2582234
2972768
2514885
5486573
2484032
46773
2302399
2659744
111197
796325
416553
2571487
1420636
2228428
147155
2863740
3731210
2191496
379636
2959950
1184320
1067364
2832122
672251
1012437
2432856
2334227
535584
2079879
3048893
1262475
623669
2677060
1692908
261666
806710
2449520
2405204
1625411
1433748
5136345
98406
1534700
1395273
2736507
2749359
4407892
4775810
5844358
1754659
1919910
1586140
2617382
561953
2148341
804865
1756383
4313550
659902
1326281
960241
2031776
929864
2262940
2242105
2907157
1434862
5843093
1840036
1966017
2632818
186521
1066628
669891
1146965
2261730
2443552
181520
753199
1070882
2358378
451104
1506236
2824358
2800682
1603320
916244
1021957
4950177
691474
867421
490737
1733033
1991414
2146360
2268033
1905590
2944881
888837
1211568
1168005
1924353
2305376
2034271
805495
2229410
1641229
2901405
2292543
2925025
1697158
2230014
1043260
2290936
2896171
2161273
1358399
1096996
2434212
1288673
705962
2516534
211915
1908089
5652593
1337148
533611
1112953
2325911
1653425
2121305
1720014
907587
4406924
2519777
624303
4035678
71266
1237619
1237619
2946111
1389528
1224284
2109171
24755
308875
1498396
46994
922592
585684
2591052
1816221
328142
478174
5719
2840459
1855747
614767
3914742
3998198
648286
2418130
541768
2642998
2759887
2972724
1968026
1591114
1393077
1116767
648176
2113728
1189340
669891
1815100
236427
782026
1875826
572638
2714074
1605513
2047013
667616
52559
4805124
2985648
736063
280065
1501330
2494993
615464
2121305
1544816
2134144
1303416
2549645
2062235
833732
1004579
1852941
2496670
602858
499247
1380039
1215253
595144
2419488
4513799
1911680
1995441
1077022
2246110
2028678
2898508
2053223
2054168
1155992
30497
1502878
1165159
589939
580386
885380
2516447
1775945
892720
108464
2114598
1090380
2328547
2045966
555561
2812567
867839
569849
1975723
1266344
4475030
2149538
1719439
1731878
1646243
876165
2570145
2816127
341654
1616351
661530
2665109
1097206
475507
26698
1935662
2356867
1700406
1922881
4967170
1967904
1204580
2254901
2298857
1765994
1318672
2992989
2182012
128362
1425226
1854092
1400582
382104
73430
1524985
2961014
1827136
1564166
2483168
2198612
1786699
920385
1777501
2039208
392040
1526311
120460
2910689
2913108
338655
719388
5191121
1990077
2361354
4244178
1736157
1576049
2838409
43338
2805966
2624565
4269916
2321641
1107779
1513859
5004637
416553
2192730
2308583
2909648
2245270
2440963
911789
2467213
54430
132174
3693581
2789239
2895334
654515
1479185
966413
1797228
2943424
4162809
938950
3583280
315933
962234
169022
2333179
2130365
947852
2906620
1825676
753729
311488
2550940
328142
2752946
609153
211738
409015
2153342
2853824
196806
287021
1966696
1187302
1615655
2727181
1018523
1525822
2036335
678864
683106
1225971
1538776
1340340
2981424
1620333
2563265
1584303
1859035
1380677
653843
2608633
2950279
1028732
128299
271251
2277180
2474109
1612240
748622
1552208
4038467
2039208
1962508
1510322
1866350
542922
2066188
861721
1993133
490283
2617412
442400
2036453
466734
5845775
811646
1878328
2799631
2587075
2909328
921646
2053223
2082031
2470540
907587
1430738
2146360
2535015
2739251
1522930
2892519
435334
2363206
1478801
4599101
2153368
4777529
455186
3783814
867477
228813
2833927
1891714
2824358
1543354
1151383
1086582
5661137
2761197
2795933
571289
1377556
5382428
1253799
376947
1919910
2052073
1242131
1116429
329858
2334227
1233871
4292459
2755358
790181
929993
1054296
2408860
2817151
2648954
17821
2255306
2354015
2886950
1643107
1723356
1965111
1803084
4548628
1372576
690134
903362
2632781
2995974
872538
1054296
551218
2659394
2531667
2788859
553733
1861747
2619535
3946982
332170
2567083
2242852
2779790
443926
258801
341654
2300071
2777220
2810270
2701647
1872284
645411
825983
2461359
332544
1311677
1080608
109333
677389
2177622
2432856
5143183
433577
1954451
1556469
1086582
1244401
1353305
7905
916378
460621
2714678
1014936
492126
65752
340993
2871074
1433525
513008
2326299
2674158
2712416
2673047
279617
850294
1406861
2772502
286489
1832706
2068528
824214
673205
164056
1638010
2772854
3471048
2944466
1955215
1786877
385095
951383
2613206
2047667
1761394
2406681
725987
155614
2223984
214588
916378
2981539
765967
771899
934933
911789
2669440
2693260
652219
2330723
3474179
5524640
2162149
581572
1819037
365552
3973642
1836655
200818
1521775
334005
867060
867060
2140580
1584303
2435398
516790
2833118
2156134
742675
1700984
5422726
1225945
2506664
1393641
510874
2159335
1712326
2461318
2572722
1611832
286598
3968029
799350
2337382
1950833
2507820
3706898
1061071
891018
683231
441095
1726993
1077022
764826
38865
5041779
1479075
1954451
2723679
2204965
1657696
2170269
2294728
2361354
1820331
2039208
1001411
4000885
2608001
1512465
2657450
916244
2598790
1479678
589820
1286196
1244794
2211584
1498396
245296
2915002
1516577
2647944
2656491
768009
2193332
1510199
2031171
2517425
5986220
2612485
1160732
671880
2849342
1225945
519094
1483891
1527877
595144
436478
2708550
3531990
2679395
2693260
5602435
544034
660878
2996826
382104
1732739
1480195
2319630
962324
2173230
1679544
703666
930689
2498967
1968026
1258467
2476891
1618622
2149949
12025
2656061
1034747
1952084
239908
2991818
75880
348041
1186969
5587451
483115
1319640
640400
90836
2830685
671337
1876649
913683
573962
1637772
2734805
880168
860472
2150993
2474444
2624565
523861
1172328
2412624
819555
140837
1303717
1294791
2422253
1052453
1638253
1864050
99810
1660818
1789321
810449
1835713
2089545
1912074
141293
737162
1408549
664517
947852
2153342
4212213
4730233
3611343
3382874
232190
198241
2051240
1573925
1568245
2762449
1254711
2368647
366904
1115412
17512
4418644
595144
1976283
2778550
1883338
15526
418621
1333314
1891857
1052453
2150954
544186
2803553
1573031
1565444
1867626
2583330
2280109
2140371
2356854
811286
456244
1831043
571289
5672367
1927026
2873510
138894
2168513
669544
973180
2574182
429663
2984962
272541
1271581
201099
1752694
2553387
802955
2646632
1844202
2439525
1656053
1243077
2593979
5651474
1168005
2480398
2160882
645283
355642
1457917
3457127
47612
2242852
1138675
248515
1402726
1725739
1879305
906100
2553598
1505812
1883904
327000
2030223
1262332
3021938
2483017
1539664
2565455
1538908
779485
2806999
1535502
1216388
1342895
5044649
2595419
2828644
3162977
1213610
1624011
411775
1898730
240219
376127
4548508
1074861
645757
1408549
2657450
345721
2368647
2141961
2104357
703879
1885334
1183632
520692
379172
1048979
845682
1786453
88879
1872425
425969
1704640
995286
2747726
2708550
1098509
2849476
2182214
2400501
2262766
442246
1974572
518824
2553552
992320
1823548
491773
1021957
1452677
2896171
2763751
1027125
3411278
5873943
611623
183940
510874
35734
1165154
741350
1041834
831268
1853748
2809507
2773447
2544958
376127
2017837
1800993
99475
1208364
825983
1112890
742675
280065
2667262
1334034
2358378
2496317
2068528
754192
411775
1804299
589939
622356
2381594
3173380
2860739
862415
175022
1715671
2069889
2151947
1950820
722575
5921739
2878200
1263991
2849895
2175875
639949
1470740
3470629
1418688
614033
1737458
4573298
2367974
393326
2707384
1521582
132174
423893
3135502
2394147
2156482
1328649
2494204
2158597
509593
5548263
975587
23729
2637171
1825676
422698
420073
1532777
339102
422731
2738565
2110435
2315599
2860056
3698294
2433818
504783
1948095
1871699
2791247
2357214
1301050
2982477
1242878
1707839
1576049
2099921
5899711
949793
5868631
735577
1206894
2295190
1977563
2034271
761206
1514273
1389870
779148
1665127
3537501
278335
1343436
502299
1859234
150699
1451320
1676589
722605
3417942
232025
1046504
821272
1579097
6599
1239631
1559245
5146362
807918
677389
2665971
1759573
2368015
2803553
1986279
1826032
2512669
4329716
2921357
569720
3178376
478174
1413833
1305150
2406681
2554910
3426685
2214068
2702252
2066065
2303752
2402187
2911224
3051601
2948860
1529221
1372715
2330028
915583
2914577
897412
2047772
1791127
1468089
460621
1825676
1404892
993661
3031570
1974572
728297
2183773
4056836
2467213
2669440
268307
878093
2121322
2982368
1573236
52154
4618609
1875826
1496071
2296210
1749175
2204703
980414
2011544
3162576
477810
1023253
1671408
574338
1652112
1234936
281274
2536882
1866129
1328649
2374037
339287
3079755
1397918
1965379
2040661
5794062
2969073
3769580
2999922
1407132
910217
1174057
177097
41679
995514
455186
468497
989541
3098875
2672382
5279398
1276031
1513235
661530
470998
1815100
1586832
2482104
1525160
1444990
1081607
270850
2886637
1043668
2207688
491144
2109832
1909557
1592903
2162149
2135440
1310536
5651020
2914577
1581264
2112378
1063385
2112378
15526
3684017
1468344
720668
5787078
1909778
3364853
206146
611623
2099921
936272
749359
221235
2880365
1284042
526650
2857020
2483017
2364744
416638
2595419
2354504
2198612
1319640
535634
1247363
1654802
1066024
1070882
1253453
3964791
1798642
2539500
813575
5085685
1151383
154532
2007001
2901405
1952821
3718018
1063322
280960
1865996
985812
2565908
2372609
3631129
2195535
5959714
1237615
506172
2433087
1825676
1878328
5915256
1547615
57286
2450186
595332
985348
885360
1411622
1178929
2479113
2261759
2143652
1548142
2269483
2440399
480382
2948053
1511445
1469099
2162544
418364
831268
745606
2343692
2838761
651158
340993
376182
1366670
109698
2335972
2494077
576812
1039255
2009538
654515
2356854
1029910
2708550
2675541
2057241
2469192
2668115
2985066
316975
1865624
153699
3008269
917187
2836145
1627853
90408
2289840
2909892
34444
839033
1335413
5098991
1929438
2577424
2153342
1599924
2519777
1086582
2787771
131828
3910620
2944466
1964600
321430
5281865
5997459
580544
118224
2032751
269939
3913024
751976
1184394
1942965
1874302
1517463
2960854
3634509
99846
2534169
694005
1926062
2705166
1041228
2021112
2434212
1538908
2631471
94864
1220219
2864646
27631
1273772
1349128
1058821
2707384
2150204
25209
260006
2333179
687005
1749175
2910203
2851161
2793655
198241
702977
208170
2323351
5249640
1652112
2300114
1080337
4056481
1231725
413235
704532
520692
227814
809009
2320927
496612
2567083
2819627
2974837
568191
2026204
526691
5780427
5203435
451104
3142796
11505
2918636
2846603
1064302
4873385
2681490
2010473
1693156
466734
1539726
239423
2907760
1650016
2702252
649941
935728
2864261
916581
1932858
2234427
366904
1558870
521770
2906374
1114530
2445098
1851897
2973756
2470475
1403842
2913238
2846889
2673985
2378006
645757
1060718
2846889
2713881
1521775
1053519
2960401
2832859
1539664
1527877
1678205
3097740
2786048
1709320
1174270
2527887
1107779
411775
157844
2682915
1153826
1654802
1163625
2691785
1532881
1942672
2321641
576726
300003
1066135
3846660
717354
2998679
478174
2695939
989541
239423
235812
29447
2608001
5567445
1625411
504783
1839568
772350
1665385
1604438
1384879
5655682
1588429
3515819
2680996
1834576
2392081
1341357
5433416
887936
572404
282778
2047013
2371109
960797
1761506
2223984
2156482
874777
983910
208170
2442991
1745079
695930
1455203
817385
1952084
1227631
1359902
5231111
148010
784204
2023822
436478
2569191
128362
1013226
3933799
2728796
2376890
2440352
1798533
1124230
453150
2933251
1564562
2248968
1822306
953680
1202395
2047667
1012933
2089528
2313177
1795201
2486087
2752740
860472
2372609
207077
1526028
2338105
2913238
285518
2065044
4613360
1165511
1476415
2549645
820253
286598
1611963
2737010
2716336
1678205
3020319
1624529
2907716
2470275
2372613
793835
1799414
2868366
2189050
4868095
1842165
784204
2570145
2130119
31557
470998
2726794
1306719
2760411
341654
1925710
1527661
2397184
796325
2563782
412269
16058
1928673
4196439
1350823
4305335
618003
1126257
1912074
874846
798441
2674708
1410409
2673314
2660600
279617
2250329
1715122
2066065
2159335
2752740
964050
1791256
3014965
1879739
1650063
1122608
1624421
1871070
122661
245692
2134060
5312481
1179136
2470410
2288448
2639011
4335953
2255306
3931536
2309056
2348643
2034271
1113805
345296
1412519
2120507
2066768
2814643
1550115
928065
579688
629850
1687073
1479085
1094022
1999768
1455203
404682
1216388
2213684
4097743
1244401
2157573
228187
509593
2422253
2729928
3414434
534070
2545541
916244
985190
1531790
1083367
2317490
5834262
2084626
2637584
1404892
1418688
164607
1709372
2603903
2470960
852192
2118456
2553082
284369
1295658
1422683
2682193
1353113
101487
1511035
1155044
1513859
1500749
1380039
4274212
1241194
2730025
1927026
2900985
636628
3260001
1500080
2110165
2977887
2518971
428278
3963783
782327
1294652
1759105
191882
270630
1517175
869297
2921726
954948
736826
1528735
2937012
2841960
1158877
3674006
2784218
2905057
243251
5844261
22036
2483017
650467
1748285
1786941
4078122
2672382
2433087
2637584
1010217
1083550
2180490
2799692
1455203
1417590
2455492
985748
1216250
2776666
1227420
4426143
2018448
393407
2312814
930243
1005554
880583
555712
1260920
1436335
2694389
2248299
11841
1239246
2754002
3154532
615099
1426543
2831319
5198031
2591891
5528693
934361
1796622
2470960
595776
2459292
2976903
1283685
260897
2638282
1417032
1869888
99371
2201652
1528191
1923849
1883338
845030
5968798
2984962
483115
5267103
2233850
375753
5125393
2894024
335727
2640378
4621
51744
2916249
1115412
5322869
552064
2017111
1242878
2397121
2743185
43338
2527887
1412519
287570
2566767
2978129
336794
847194
111287
1442352
2950918
714409
2982368
1164225
857681
3301196
2119661
2370932
2033396
1644243
3844168
5882163
2309842
2467213
138548
2537950
1136159
1813000
357963
2082031
2187399
346204
966413
2384660
2320754
11305
1805244
2177622
149049
1771509
2774945
1535181
392356
4752257
470998
1905565
93257
28905
2709325
2349256
1825676
162780
2304266
625796
1021252
800308
2156482
1129979
1268982
1966184
754192
828705
2799692
1579170
2262766
2478041
209313
541768
3272953
2894870
678203
1800993
4667586
157095
1610301
2109832
1889766
872538
2920139
1639719
865959
2756180
442274
2608418
1705625
5190827
51189
2985066
2042263
2121443
2735720
1952680
168098
1020015
760662
1071241
2077452
2682193
980218
480382
1624529
5942788
1388650
1024689
276535
1823146
5039158
788207
2741580
2410891
480434
1179107
1581896
3873303
2642998
284671
2189742
894162
2489325
1474394
2729322
684779
1683707
4132255
1743191
2379563
996670
1624529
531595
82191
2560677
5798423
1196350
1318357
602858
3947677
898493
1547263
384211
5362769
1122608
3097226
1639672
2027719
1571514
2098012
1648429
1798533
800308
901919
805520
930689
91275
1993823
1409310
100874
5694286
1850821
1132498
1410409
1024689
1304872
551218
2638976
935728
1123889
1541097
2046177
2375150
938950
2029699
2260811
1426543
1716471
720668
2761408
966413
630662
2617412
1280833
2886950
2142588
1605120
2356867
77232
3341288
2594737
2456943
1493606
449908
2998679
1433525
2353279
1982551
1621608
1165502
2640689
1325408
574835
364588
2849342
1932945
1732759
3360372
1803084
2656491
2374213
2673985
1002966
2597817
570932
245296
1790807
388531
2821059
837757
2773447
2101988
3300030
468497
934194
7690
860981
2714766
1584007
2595959
3179847
30097
242789
2921726
2175875
1777805
1526203
2980646
861480
765967
345176
2938313
4680218
466734
2788011
357963
1020015
1692908
3324780
1107026
1612933
2570145
963968
1266344
2369958
1457666
2884218
1843042
671337
821272
1905565
570932
2809507
1956265
291998
1005345
1093866
573962
2743185
2474076
818601
1633023
1455466
899693
2571487
2705004
4634390
758196
3487456
2710884
188150
444412
3987058
1603950
2439500
2435398
766405
807148
302943
4304793
2454223
3624664
5017233
5090372
1539726
4307312
1110921
2447838
147013
2531730
1823146
5085961
3484794
2045966
1310536
2729556
1363449
139732
1637772
2901494
1192826
1977563
2368647
2582234
2789563
559297
930689
1080337
216787
739758
2661066
779148
1790853
1440946
859141
720222
2589787
1572770
340608
413235
1320152
1405257
2938236
753963
4318726
2516872
923078
1030626
1792091
2458913
2516872
2550104
1029519
591218
1428191
2017837
4870424
912334
2392081
2681490
1271581
379636
1028732
884489
5846183
1842566
1012437
1298826
939646
1494437
755621
2440884
1990077
4981026
177681
4621
186523
143393
2943414
2447838
2200082
804865
1034747
1610479
1749519
807270
3710880
3748064
2645174
2207638
1178534
505084
2410813
1260920
4798856
2632948
2242840
176258
5335483
2143932
4766267
2473145
913498
2931536
2028678
4231295
3093215
1961600
2421565
422731
1967657
2229021
1137996
1144615
1697307
872538
1403842
874846
752949
1043992
1526311
105509
5110278
1347392
3036826
1624421
2832122
2629815
991892
4108027
367745
1184320
2328486
2519889
2832603
1875645
1628552
2044860
5620143
2332753
771046
898196
1206850
870617
856148
5417264
263543
1875839
2875592
2480175
2989917
810738
1998338
2949720
2391451
1982063
5150707
1915811
2183082
1926586
1389870
2659744
38879
1996467
3226061
181520
2914
641518
1442352
1175582
206180
3701119
1856124
2956675
1225971
268307
2658844
241993
1697307
2277771
2887530
1861596
523233
592066
2070811
875004
1633023
4740089
2440352
6807
3975985
1872192
2236172
1447408
5584750
155614
691059
2947398
1548900
4714590
3478096
1719439
115627
2001469
1960916
2583213
6601
1143921
1095076
2842863
4540442
2073991
2810270
2339251
1585553
2659394
2783733
337125
2305518
730143
2672382
2140339
982088
3295372
270734
1009698
177097
2435398
1168005
1823076
1065378
1566812
1108635
1204367
1558354
1455203
1837939
256377
2734805
66548
4677117
917260
5788651
2638282
1496071
2421565
1895816
3242545
2282392
856277
1657696
373201
4520468
2833927
1377556
722898
706334
1192056
2272273
2867356
418034
4372607
2727403
338655
1022053
2180658
2353669
1823291
2363875
2489325
209313
379636
691474
567466
2891901
1844908
603674
39895
1744586
2023452
2921357
2057909
1872368
4422543
1327509
884802
2682004
1283685
2870883
1616351
1086144
550122
2300329
2189144
177097
2996826
1901476
1802365
1084806
2090134
1514273
1922305
407218
839118
800519
316975
1954451
4321579
255640
1582332
796325
2402224
1689382
1436320
5486109
57522
2786048
2346528
1698679
1097073
1137352
833732
1607796
573034
464954
1146965
663137
169022
2373997
2809290
2481007
4758953
133409
1304004
2874067
1585553
2509236
284369
3538070
2565606
1367177
2485179
2632958
341654
2372320
1211568
1521775
2983317
1559216
185187
5379011
921646
616260
47366
1236926
1094624
277483
618091
993392
1760622
2439316
271829
3492107
1094109
1692917
2232362
391295
302943
2963997
5879559
2878230
2408674
2799692
983329
20237
1586832
581072
5903882
168342
1634464
765967
645283
1193261
1579097
2572722
2956675
2895480
2562524
1784990
1534146
5852444
2755451
1856124
54787
939646
2001733
1153826
5485460
2015185
984092
4251923
1950833
1869390
1614321
1994047
2809295
3302381
2892519
703879
479484
2509921
2506664
1203203
1982551
2982497
512890
1535181
1971780
1486536
1699162
1126785
1452225
2570168
2292543
1979143
2263914
5538054
263035
837757
2432663
181917
985396
207249
3387805
380925
2974837
64040
596900
5719
2318919
201672
4174746
1573236
2344190
2549343
862415
1534700
1282790
1233146
834076
4652081
2677730
1057581
2972779
3294108
2167416
17736
391086
3808612
838290
127160
1064159
96215
2467213
2509921
3150867
44464
477481
1152995
2163233
1764828
766288
2144050
2506051
1091282
768326
1539021
5276867
1486474
2047812
4591606
2075190
2195535
2660239
2134685
2384660
1230527
5061939
2798980
1465201
2785137
5584827
2907558
1871699
3173382
5944031
306670
2676936
1212352
2703769
436478
2551524
3575
1381495
5158259
1303719
414385
471759
2894024
980413
1474711
2341358
1960154
661530
1629984
1170742
2762642
2727403
41954
2687962
1607487
737162
76970
2938313
2514885
2713596
278761
122348
1810210
483723
805217
1286196
692849
1739805
2549082
2742750
2198612
1573236
282125
13328
2273849
286598
371490
138841
947024
2769630
2447956
5158881
1587673
170967
628387
807151
2710323
2777255
5649498
28888
4226916
1851539
1522134
2673703
1647416
332170
2907157
454351
2906374
872035
1497252
2331222
1193261
1430156
398905
1946688
5684896
2881568
2801466
2948337
2111088
2141087
2330723
1302253
464954
1815375
1544816
624303
2890292
219211
983122
1889766
983122
5719
630740
464099
755729
4514940
118410
2797081
1579170
860472
2857020
2245270
2269483
3274587
1539021
720168
2350943
1764828
1881863
922304
2256914
733401
208170
919001
265598
1457917
31557
5418887
1207420
1048253
654272
1093773
2335987
104091
5368045
1505812
876165
1075221
2667262
928065
1674106
2833927
3461782
2695130
3536341
572638
454351
190727
4098982
2328486
1359902
1433748
2254901
586834
5840100
2195067
13328
5413755
1642808
2091940
2268391
1469099
2287117
1113805
912334
1497693
86642
2827343
1228304
1476963
1025768
4996454
1229101
2426380
2527448
2729928
411775
496986
875127
1644540
2281117
2997087
1036638
1478210
2926134
4437898
1957579
788938
515787
752617
1745029
839943
2482667
2357406
1077628
2112378
1517955
1253438
3825881
3988166
2688476
3724725
2739251
2151947
5855681
6839
454351
1773243
2578221
797715
2240932
1054296
368517
2047812
2676136
3682110
1398170
1891714
833752
595022
23729
146838
2640378
2778339
730914
1468920
780035
2778573
2105606
2873729
3826535
521750
1529074
2016025
2010734
865797
1430565
1075221
5659747
2230014
504783
1786699
188439
3465837
1935590
366904
1339609
2735058
1273772
3161065
620585
2909892
1966633
2190548
2545135
1116723
982329
578577
1466855
2686188
2213684
1235225
396893
5661193
2518783
2703769
2245058
721820
130547
2569191
1778658
1795201
2035926
280960
576726
2861781
645411
229350
819062
1503967
1897162
1879739
1616892
2309842
1486732
1197643
2574190
2459292
982453
749359
1736073
5334518
1002966
1183208
3370293
2248299
1738328
24856
181520
1232546
1819519
2531267
5569453
1468838
2675572
1601406
526855
441856
2135440
2004020
1320152
192466
4395309
1077450
1828632
115627
53935
2852894
1820008
2440399
1501330
3971565
2556388
384211
5638574
1994047
1071395
622217
1295658
1286816
334005
98213
1340340
2067217
925725
407941
1452677
2319253
2000670
39600
3434198
2308351
605975
2340337
1865996
2649977
3418270
2423017
2752732
1643971
1386946
1352685
5189125
1470645
1395611
1615912
304140
722650
1151383
447261
1098509
346204
867477
55185
794385
2674708
2409408
1571514
595332
2870883
1897205
1635797
272073
1372715
2676936
2575232
1358399
467556
2871074
1618474
175022
1541097
1197406
888881
1620846
686197
5250224
2460895
1892489
1830903
510829
2601890
144945
1349435
709777
78900
246073
1295658
220296
1416773
758196
1112953
4014432
996800
944154
1071395
2736467
1303770
5259108
2222718
6839
4546862
105875
683231
519094
1773525
2379526
2836949
2527716
2396848
2041886
1719439
2848842
804293
2809290
1039359
1926062
1516286
2972118
2793158
1980555
4271152
2130531
3266969
2422253
872538
2967561
1318357
2057909
90565
1606312
5016132
1539726
1478308
52559
1003364
2527780
537365
132869
4055648
1523412
1568270
1413082
2311787
606108
884914
2820798
1524666
2546733
1478210
794385
1160418
1340340
170967
1426543
2329064
1620324
194093
138548
4610957
2149949
4074769
2199771
916581
2759626
1878306
5136947
1179136
3542358
1952821
1467488
560568
1979143
94467
856277
3884369
269465
5063901
2632818
2712416
260988
2913371
1578961
4029465
2422379
53914
5501018
241993
2404877
1223854
187741
1935061
622356
3604814
1056258
2673314
5596487
1924353
751566
1759173
2601537
2803307
2440867
2708550
1524985
2016025
1206091
179341
5976416
373587
314845
566072
1468610
2910689
3618739
1616892
13328
1882995
1968009
2769292
2512669
2590400
1457435
1757075
11065
2010734
1815583
1468920
131828
2954944
65752
613094
1869888
1086887
639895
1245383
332597
1217226
2954141
551218
2534161
206759
2130119
768175
427866
2537557
50495
2091940
819299
232828
795353
2672559
2946111
1979531
2774443
5791048
876165
2270450
1866400
1936596
1317695
60090
664961
2461431
467556
413733
1396756
2729928
1824274
2142910
1342895
949793
2443540
2546256
388531
703120
836179
2585545
1265605
1071367
1394266
316336
1498460
1273772
2051240
752949
1243584
1919140
506172
2964729
1584018
424680
1377556
233882
2993222
1075221
282778
1364008
2551834
2726723
1609936
2745705
181688
788627
2248299
775956
3689793
2738267
4432920
898493
2923912
1831817
1110655
2536882
5517291
3689047
1328386
118224
5469820
1866350
5465733
860573
118724
5061905
2204703
239423
2591481
2951549
2011211
2534169
2832828
803855
5648522
1112953
70584
1538908
982475
373332
836179
2349546
578675
2506051
840164
2469632
558525
2318275
411775
122348
901473
2114609
287037
176019
1795201
2245270
949793
1628083
127346
4305563
754192
2700365
1536128
406323
1520178
1788602
4863259
2224730
1269385
1685206
2640885
1823043
1157153
2004020
1400618
62637
2349611
1647791
915540
1718000
2153368
1239245
469501
2099921
316760
2603903
2805693
1997493
2352771
1474711
1409755
2184770
1419710
385095
901634
811219
2884930
2881568
3750378
15720
1659387
2726794
2252571
865402
757298
1876649
2655456
2631471
2260990
1462861
979229
1819519
2307162
753772
5718922
1948095
2732677
3026940
2102549
413235
1897013
153212
3206643
2554516
2328486
2036258
2868762
1430156
2367512
1723467
279306
480434
622217
4338923
1876390
5175896
315899
2851011
2481775
2049979
5945588
2819627
1665385
2318805
345879
650809
699345
2135440
2778339
27750
401314
745606
1227631
5169059
1929164
2597014
99846
2586995
2526259
1588679
4635947
1165159
2261730
1823146
1743191
38370
1066135
332170
1835713
1021252
216787
829139
2531667
2451867
390420
1340968
555712
100874
955210
1326068
1615912
2225402
1063385
264944
617699
2624627
2010473
592066
1402965
2520831
2738565
652219
2538869
1988569
2832603
5614612
788627
345296
2832859
2319253
412992
4279090
1292127
5976824
2300243
2008317
1028732
1856328
2562524
1960793
2950716
1110655
126024
4110711
1162391
2525
1036642
1907344
300962
812536
1459700
2145197
2491781
1559245
133813
53935
3853440
1799414
5256573
1009698
2777255
1972824
1483090
137646
2888135
1637772
898196
5237752
1561414
1815583
879568
1488708
1792113
3172144
2948860
2807485
5657722
838008
2551459
2335301
2911570
1466855
2337382
212060
2905057
1723467
1183684
1204580
2048219
2754894
385095
386329
1626373
1351846
2242852
510786
2499162
2870919
1853546
2234563
5566951
968536
224526
723655
961292
1648175
1565070
442390
680926
2881568
258801
1237615
1659387
1517175
1950833
1221902
3269176
2195410
621589
1407580
1989005
2143652
1800993
2362286
2848842
4529381
5555647
2794465
2672382
681355
2454223
3368072
673018
983122
2361354
1705625
5999784
1468838
2682193
2819051
3733067
1909778
2486048
395648
3892559
1614321
4568067
2300238
138809
2870234
2343887
1624421
1012933
2665109
1486536
1906924
398905
3284090
467556
2038847
710145
3549561
3604442
2267877
2876074
5498797
186281
4840397
752949
2175524
2847535
3884119
1516577
4833003
142758
2075190
2834619
807246
1417032
1606312
274397
924138
2563265
888644
37853
2912760
825983
1973553
316975
2277771
1559245
2370932
2417698
2981214
1816487
713335
2871074
1478867
807918
913683
1351384
1792113
2728737
2655970
3325201
3210148
2773562
2692443
4452821
889572
1699898
50257
1206850
799758
2308533
2791529
2686578
1094624
1688736
2793158
899545
2371109
2727403
989652
82191
2106539
572211
2135440
2484425
2240932
1693526
2906374
1812241
700971
2263709
1553572
2296210
2893004
2952750
280509
1042149
1406861
1648429
947852
1029519
1114885
2689038
2058537
2440963
1238644
1474711
279306
2109832
2490268
2601105
4912005
741928
610631
2706953
2493450
1046645
1468838
44464
2841960
1127021
2079169
1100252
1183632
1744623
2154039
2972724
1983019
5764339
1048979
1497693
5636489
1619435
1994685
5756239
3622331
321388
1842566
5099684
3238808
2079739
1865101
681506
138566
1625427
1194253
810738
1625411
1344144
2001733
5458624
186318
2317963
862408
475898
251676
1244776
780035
659368
2467213
221235
2470960
2575922
5008603
544034
1530513
451661
4401275
118884
898196
1526203
1816221
37644
2778573
4506919
2117290
574627
1579199
261666
520692
1308692
3912653
2882567
860472
2890068
1115517
922968
2602741
1586721
1132498
1348381
466734
2709695
2473062
1162391
1348699
468497
888644
458828
1114331
1612121
198241
4295685
1971481
4391120
147013
2368647
653742
1816487
1530513
924515
1534777
1056351
3326483
2640689
756529
1591114
2603444
1909778
2896421
870966
2675541
889773
1470479
2907157
186716
2888135
379837
3358302
1412865
872412
1180827
1802824
718547
1371154
2836949
641518
2965049
279306
1222083
2110960
816412
2015178
2907760
1801610
2494077
894162
519094
2858596
2046177
2267392
3159542
298358
2260811
59921
4534538
2987928
153960
1999768
980413
1469435
1291024
956629
1626303
17804
270426
2369128
1345561
2043357
3173385
1998094
328142
2597758
633232
2439500
5816816
928314
2524856
482960
2987093
2043357
1836655
287403
888644
1137996
2628928
483115
153212
460527
779485
2551782
676526
5101949
2431738
5429107
470998
4369414
1269480
2770771
2881361
2045427
1297751
3559556
1816487
1913547
178806
2092884
186523
1356777
1611832
2907344
2229410
950064
2245677
874852
1328032
3021162
3472773
2752946
2651313
860573
1402965
1550438
2254128
1783650
2300243
473639
276806
1137352
1977566
2239155
1435202
1573031
17821
1411433
1012973
2447838
2028678
212108
1323982
1725739
474741
912195
2669440
224368
1019933
2561507
1897162
1457596
1244776
2263786
589820
4878040
2561507
413417
245199
222547
3564046
2145926
1692908
1948095
2642648
1465201
186161
2226780
286489
2222026
2195067
702977
128753
492006
1850821
2638923
2629815
980218
271829
2161984
2474076
1401511
1831043
917260
2219824
2154888
1419710
2299833
5844226
2004731
2819361
944210
2099921
756177
555561
1883904
887397
1152995
883579
2446464
2018448
1971481
1709372
2816164
1914398
2635504
1311868
2347459
2604462
1528735
2339410
2398254
854895
2153686
748446
1479085
1042625
633232
220183
392108
315205
2886950
2968515
5489876
1413621
1163848
1824796
1529388
867477
4212574
943744
2481007
1206091
483723
531879
4648831
1512465
755621
933288
854895
1757211
454351
1618947
1223480
2494077
1756425
2085923
1397964
1271413
278761
2054168
2823273
1451958
1510392
2280109
1451958
1676243
1568245
670860
1682292
5200254
1702202
502481
981783
2934157
2818457
1891714
1567132
1172045
2537950
555561
46720
1540212
364496
2186849
1351646
5958678
317014
266214
1174067
2200082
5236830
2527887
976721
836179
664961
2673314
1347392
2526259
2069889
830630
881692
714611
5089490
2560677
1421780
2996810
122348
2718120
1656053
282125
1695431
71266
3687314
900919
1692917
2248299
2651234
2738267
1582688
2432663
416640
1917713
2052193
4526322
573508
1306490
980544
2982477
2402390
1018523
2117250
169071
1539726
4643013
2788011
1832706
3221480
2745705
2654247
762634
863593
639444
4989625
1995197
2109171
2666590
923709
1543641
2204787
768175
1114530
1610479
87673
1587673
3723869
3853976
26698
2693278
817593
2850531
338655
482867
5021504
2515502
1616892
432333
430908
2761070
1041834
2107076
494433
4203960
599349
2152177
2117290
1939168
1563617
750339
5079185
2341358
1991045
198241
287021
3706479
2944824
2594243
5773891
992588
3157872
4316574
1787261
2597582
1504582
936272
1485390
1526028
1333598
694442
1194388
302804
2525321
735577
1063131
5263233
1859717
1194253
1365576
475468
1116429
652219
236808
1727083
1059309
2295190
2787771
5939439
2245058
294830
2707755
2890068
1749175
1640761
2588433
216787
3233175
2438700
2267938
2852149
216471
1230527
1269645
2033241
301360
2580067
471759
2645174
5328236
4630635
1116723
2541032
1979143
242789
2627681
4549211
839118
2854425
1376357
1530513
1080669
4694006
2645940
2485179
3812170
269909
2226780
2974837
2503277
2806999
2758016
3677659
70716
307296
1091925
2468392
879568
2035926
750339
1539726
1146382
2206187
4547687
12665
310302
2131440
671817
609598
1773977
1132296
2224167
1276802
685292
827375
957692
209313
311488
911789
2918311
2277771
2519889
4974850
2950918
2490268
1116723
1199869
611915
1466051
1453882
1235225
631721
2368015
2726514
752949
5855477
4050131
1505812
1074861
230130
2337693
1857476
2196122
3902364
4908713
186282
747530
73430
1158036
1739001
3267766
3541946
2864261
1966696
1313962
512890
2677060
320263
466734
57286
282125
1603320
2832859
1056351
3008894
19665
2318710
1556469
860981
2435984
463730
1585547
2378182
2253793
1516577
286489
228158
478174
2784218
2198032
706529
4308462
2455783
2786048
2611139
2247016
315933
2456679
2414035
4366714
5180021
5604552
793835
1748171
2285382
2596468
2899957
3171363
907441
1164225
1401603
2364361
1523935
855762
1017722
1865101
2450417
534160
1815375
2563782
5385796
1397189
1679544
2163465
449874
5522213
2153342
1492639
2456679
2772854
521489
1114331
1564562
1063420
1992829
1659387
2716557
1411622
1581025
2223588
1761898
1723356
880583
521770
584897
2373997
4515937
530660
2944824
1624011
1390609
1291024
2075190
2225429
1367205
70584
2690168
1337148
414130
71266
76879
1150531
573034
2161984
2792018
2852354
2375150
483723
671726
25209
1310708
2272532
5744386
1510199
974339
5437898
4896987
1482890
451931
645757
2201029
2973756
5546315
947852
1899449
4022441
248515
127160
2597457
3267761
4266985
739564
216787
671337
2113536
1992378
2884930
4384136
605356
265843
2975765
4598716
1298773
840164
866571
4717152
632521
2779139
2140371
295221
2404311
1548822
3972261
1086582
3497102
622356
1567494
2832859
859141
2823273
1245947
865959
1661630
3247239
1313994
2109832
465961
2638923
531261
1019933
1521582
653843
4392382
2676449
1971669
1143571
186521
2432856
453150
2556388
483115
1527661
2397184
1950820
2527450
839033
35907
1638262
2785864
1876649
1775945
761548
5993303
2442224
729818
2346528
2319253
1567610
2031171
586834
768752
410627
917260
1649433
2372013
1579170
382104
2356867
2019954
2577572
1771509
2364361
2515502
2605340
1691583
468540
1716930
1825676
1020650
830215
2494077
1621721
2492927
1300857
2981214
1738685
4287610
102468
2709695
372365
1565171
819535
2640885
1812919
1508360
5389544
2851989
2984583
24535
2200605
610631
1557529
513228
788938
904519
2779790
741712
588878
1636913
2343000
2302399
2726794
2851612
4551471
227814
1257317
2601537
1303770
2085940
376182
260897
976721
1186995
324926
3509154
2476912
316079
2632958
2724090
2693260
1905308
1262927
1716225
2191568
684052
4815543
2207638
608668
1592679
477540
2697763
1356777
209524
5035875
1697689
756275
2631471
560568
2248299
4217846
1869888
2439500
3010354
5397540
572638
1349128
1965379
44464
2527716
2198540
1417591
1020015
4796719
1746337
502481
523861
421980
1433353
3152664
4571338
2886637
2095467
754192
1224284
1412519
2195410
4808356
1038033
2221328
2726365
1283829
1898730
589595
921076
377623
1098509
1823291
2846863
1409755
2080247
345176
264629
1020784
176258
1358966
3760631
1089460
2920508
2645174
1692182
4603275
1389630
2813146
245692
2729492
2149402
2229410
489713
2233850
1497693
517509
1353032
1652112
431649
335727
2696409
852192
2705166
547134
5931523
633102
852751
2987093
820838
1446460
1436320
1827584
226722
136535
4563771
4620218
1499171
502481
152144
2030751
4639391
271251
867477
934933
629850
4021413
2586616
1657896
364496
1576049
2470540
1468344
1620846
1789645
1628921
34699
5683529
1325117
307296
1528237
671014
2177686
541160
506172
596185
4404089
1607224
703069
2238009
167808
2412891
1699162
5609580
1607449
2603327
20224
21543
2115304
2316873
2450417
2198464
1534146
2555990
1625427
4310394
1416647
1415132
2783733
5553303
2677730
2456679
1129979
2070386
2841960
1870522
362880
2210695
996670
2534161
1133549
27452
1054393
1905590
5384866
3549637
2474076
3133002
1230527
2221333
2615536
3425300
29616
339102
5198481
5797296
2960854
1736073
3846780
1582332
1310708
1350823
2972779
883579
1538908
1211568
186716
691474
2108608
612409
103072
1593284
4028096
751754
2003539
2741580
1041895
925798
1112890
2017834
936612
960241
617699
1639672
2519777
1192056
382073
2062631
629022
2422385
1991414
2085940
5958144
2204215
2284278
207077
2175524
688762
1220219
3666848
2884237
1353032
392356
2559138
1325408
2922529
265843
2961949
1587673
2758016
2574182
994716
1585553
1132815
4135587
5292524
395172
299152
1139145
2728737
1295658
873491
1751078
1192056
1784990
1244776
947024
2115802
2068528
1372715
2703468
2250154
2950716
5890890
1216388
1549844
2033231
1090380
404754
2832859
2063941
2477697
599904
2897274
1199553
2942642
1883905
2270910
1991045
419440
2308351
2597758
2186849
5646901
241993
132344
5688580
2144520
1601047
1543354
1350823
2079169
2284278
3555459
109333
2202945
1800993
316336
5332245
1407423
411617
5013443
1192056
1823413
1773140
143393
12665
1128111
671726
1409013
1064302
2955471
1817798
1786941
2339251
768557
3660311
5670683
2545184
3328124
1732000
2914571
1271413
11535
1761394
239908
1273573
52154
5383460
43858
1960793
1012764
4572388
2541450
663137
1991414
848678
660121
982475
1131736
203556
2098012
761548
1601033
4923138
828738
1407423
1603941
852491
4212042
2834950
2296210
2586995
1452677
811716
3713396
482867
4967734
822325
1637583
3888933
1523935
2150204
17407
2142876
95001
81782
1122529
278335
2000397
4703935
2729556
242597
3553927
2025749
3235537
2902017
169653
1891764
372939
2646632
1887837
2485179
82252
1385895
2872496
2604676
1899253
2793024
3011886
132174
1892489
2632818
2447890
1752974
782062
2769630
1475218
240219
898849
2659744
2238826
2672382
1759173
490798
569389
1535824
2290966
919001
2703468
2578421
215575
721820
1377838
1428178
125662
151204
1229530
1692917
312691
771046
1324777
1747757
278335
2023348
53914
2783181
2531667
672590
276204
2494673
563036
2919273
1850821
1791256
968536
1340968
954948
1308692
2736467
1865799
2486024
3897828
4031883
1072650
626995
2673065
1712326
2797576
1029519
1054296
1605120
1567610
1029519
2106539
541160
410678
233470
1650606
203491
1539664
3919477
459867
2111644
1272215
2399658
2737121
1325408
363679
382104
2817501
1798840
1164342
2431061
2261964
770054
1229530
475239
2276590
1691583
531595
2801693
604753
2234427
5876194
1005826
2128599
987034
3354148
544156
387844
1994047
2259847
4087495
1031179
766941
585684
92845
1724054
550122
546303
779148
155614
1164070
2828235
2125764
2443540
280960
28905
2824358
911398
904639
2874067
67925
714409
1446212
1220131
418621
1129742
2325911
851931
284671
2823273
460527
2397121
1885914
1872368
1861747
5389971
2006442
331433
713335
1413621
1986279
183940
5885513
2723679
5319444
2653894
1062815
2834950
4148733
2914577
2788011
560568
46115
2883647
947852
538943
1825676
2149402
800200
2146742
1017197
2450417
907130
200818
622356
1029519
1284042
2045636
137646
948772
3046034
2341926
1231725
5777643
2280925
1794448
4272357
1525193
1455203
1530957
4665707
435334
2461134
2675541
4659598
1859035
483723
2819627
1503942
1511445
180348
2083159
1537588
595022
2575196
1436030
3625445
718657
2836145
82191
934361
1468382
1612121
3289550
616571
2221328
302943
2902268
2851011
1521775
2587075
691474
1421586
576812
2784157
215687
1856026
2743065
278335
2149402
2153368
1769033
24755
433577
1318357
684052
1470479
801282
289007
1510322
1872839
4973169
1066628
472064
1602982
1853748
5118927
595332
1366946
2159707
1196350
865959
1614321
1292127
11220
392356
2690168
1565421
184546
2797081
2078026
2641278
1383249
2667262
1280833
1546751
2779790
1971481
5619255
1395611
1241194
850786
2655456
1882263
1526311
1279010
2909468
2998679
863593
937501
1217226
1952084
2320927
1348699
6601
1913547
1149739
1359902
3929616
2793200
798810
4288923
164056
76970
223483
1726026
1312795
2475412
1522930
2499952
1183684
273055
2479533
1394266
2646565
2919273
1186969
1948676
2342211
2452980
771046
364588
1866350
4122078
5157788
1404892
2896421
1715671
2410891
2806626
2651997
1933243
1503942
410678
2251501
1357840
2667503
89197
70716
1136575
2893450
1023436
1697158
917187
2039186
1694151
1417132
1857812
1985960
804981
604753
4756701
270426
2890068
2167416
1091090
2307507
1940485
1262332
1755036
1870522
2700087
3824350
5560299
157109
2795024
4435909
1602975
2195061
1493606
768175
180348
1635104
1994047
2044587
2765379
974698
3645925
1396306
1304872
1878328
1787805
2079824
5086561
2925025
1938543
1511035
1583922
4717937
305642
1104924
591776
3924945
2288448
172018
2982497
593766
2751466
1041895
596330
2011603
138894
1813253
2850688
1671408
4913314
2515502
4665614
5210843
936272
2158597
952414
1377394
1163587
1187302
2911224
2261730
2291366
1621721
173741
2134060
596224
3824820
3091839
2319253
5449360
1526962
592848
2681490
625796
1646296
1806765
519432
4333649
2194691
1766571
960241
2239916
1304004
37716
1864050
903916
1625852
49155
1165154
2506270
1912862
1082327
2044258
2970697
2568998
257801
1497693
44464
506172
2328547
1876793
2092489
2950279
448382
2638923
331508
573962
2874527
378297
1324303
4708656
1424503
2630484
2145285
281274
2074710
1952084
812536
2469192
1244691
853046
873971
2595097
1279101
1520636
1641638
1227631
26698
974296
1968511
1165159
1683707
1692908
1906924
2890011
898196
2564264
1401603
5426817
833961
132199
3299670
775290
1163989
1579170
379172
3708151
1731606
1977563
1796622
2749359
246636
1623041
903216
319748
2633984
2028678
2084626
2050802
820556
286598
466254
599522
1294791
4950945
1421586
2573560
994645
442134
2202419
817385
2697685
1471041
980413
1603193
630740
600293
1483327
1968026
1770981
1068773
2517425
4762840
524594
5951377
339287
848678
1254711
2814981
1513859
3018725
2809691
1610479
1295372
1252447
2398254
2377154
1786453
1162391
2125825
3927274
1991045
610466
914793
1604250
1029247
1057401
541768
2018405
3487496
691474
675618
4951034
1665127
1465236
2958926
138894
1819037
62637
287021
28637
2951549
2571612
2567577
3138505
2333179
2961990
2849467
1516577
1407423
4025309
1533271
596185
2814981
915540
2658743
323098
2429621
471725
2313177
5618602
2054054
334005
1648429
2487826
3453998
806710
915540
1637247
1618061
1971649
753963
800308
875472
1646296
2852894
2402595
2681533
722605
28276
2779790
1432061
2208903
2063941
1470905
430069
907441
1483891
196219
1971649
873425
616701
2873991
4511879
2851515
1024690
518824
2047667
2813146
681686
937501
111287
2978129
209524
3541578
2450186
890587
2943414
2495456
2171227
2123340
1683105
1252172
2169989
55560
1246389
2274230
1511035
263444
211738
26698
4244966
2672382
1274544
2898508
2772854
1622788
744758
698418
569389
1847133
1997493
38807
520593
4485489
816423
1887366
1386946
2232362
5148111
2568998
1186565
446062
998794
1699155
2637584
5495457
5750990
1258467
1564562
2810217
1182729
4172625
1822306
289049
4044997
2151603
891070
1637170
4533912
5579552
771899
1738328
2038847
1503967
2726324
2052434
2402619
2175875
2372013
338389
1281122
62637
3732227
2982368
2494204
1899253
1192056
4215887
541615
2371109
14147
2797081
526009
2277180
1581264
701318
5835706
5997004
2748117
2340337
1905308
1128111
1502878
1824796
282016
2659744
75880
1842165
81782
2568998
1042149
851931
1323982
2352568
1408910
1854491
3435686
2203700
1068773
688762
69903
2129333
3026011
2654671
4153176
510874
930243
1380677
2474444
2343692
1262927
478957
31557
1603941
2545863
1704460
434964
4325671
1733378
1039255
2437305
2724090
750131
733637
3538077
1322439
400914
83823
2970562
1453088
130032
1369496
2352057
4801455
1037050
4983958
2601537
1800801
1919140
2221328
2713686
511869
2567083
722575
629857
2320927
1245383
1490169
1400618
2193332
