180282
464289
4920369
4537160
859219
1827982
339646
2239445
813932
880563
352842
2088083
1793739
551000
988002
112517
1003719
2350702
2466622
623730
286126
2399901
1309664
2055947
1542026
1149288
1829461
2480312
1645319
2620009
2791407
443290
1124929
2397701
109
737966
5230764
1540826
3233566
2104902
47685
284528
1701642
1611614
497342
934687
114531
1449595
1419182
1861865
45476
1880786
1755646
440043
237424
97018
1514612
2484164
841659
1521058
181151
205731
2193118
3548040
5706047
196854
4464529
4034029
2342989
2462738
1660129
3040377
670297
65021
3186174
3126302
343497
2430539
18529
2269971
771162
117554
611337
1996814
2283100
642113
1522337
880546
2473646
543713
3642978
2895379
1810247
2060403
2877707
4246997
2353294
1328233
1746603
2987022
5288472
66756
2451842
1258670
2422296
121512
2778977
1181785
1634252
234409
2213520
1099660
591618
1674099
779319
1919012
1706486
1391522
1308721
451676
1257901
1553308
1048268
495754
2306048
522446
2905561
2597095
1153683
618956
1351186
1244105
4450746
2997205
302496
2674506
523044
1196636
1821673
1179014
1439226
2294277
2716509
4994323
168021
28722
1542927
1923212
186393
474844
2153973
1341773
1963211
2135454
2028187
3873520
5090425
851606
121497
1921441
591127
594000
1348949
3172958
2300472
1762735
2231196
1188332
2559010
255617
359629
5155271
574816
63711
2800293
2474077
379254
361452
2733868
5372672
2098288
2490633
73905
1173170
2390769
460392
2866926
1666417
424964
699538
663607
2714848
22414
2540922
2101437
2388244
325771
1438343
184693
2473825
714420
280861
395828
2827967
1567122
317233
2037874
396388
1109256
1431257
1786486
647534
1234611
2638930
1134153
863801
842200
3705891
56642
897991
2270283
511202
697984
916678
955294
3260095
155719
638184
1338678
2467464
699769
1290373
2925911
387901
1455016
363245
2331561
1312528
2130873
2928484
262785
4696135
1874493
4189677
2022794
1475502
1231341
2145213
1945968
742412
2551086
2328639
2025701
2249813
1833896
2338852
713931
354757
678790
498218
1043968
650804
2641215
141593
37258
866171
2756366
1064242
1567707
1174180
2063609
2541138
590133
456817
2753781
1293040
2898365
80754
3111565
413172
1886813
1337664
1936097
1386464
2564874
927205
2856203
2982688
1573397
2814019
991303
2337398
2323059
4664718
1762998
981481
691511
2953768
2284386
2460333
2735241
1471316
1917253
1788668
1939394
2501327
1327172
1558514
1546202
2415090
4503908
448445
1243515
243709
237351
131972
936035
2227044
731357
947496
306752
799512
2327449
1094270
1027695
1950054
3244855
495276
806994
72168
762749
1445457
2687775
2210386
3939807
1252640
5928321
2320180
1636695
1109010
1886825
103198
1978014
5124986
608187
232747
2671271
189163
2056317
5649821
2042636
2491177
1656070
2451272
1687433
936242
1750049
2907120
856260
2481323
361480
629202
799407
1758525
1734967
2367308
297547
898767
1603383
164356
1836410
1142633
1691029
1206215
2192728
2344884
2120842
945882
1546880
2563128
451998
1145860
1674642
1940696
443705
2269152
291336
2121381
2320033
463942
2976987
1373491
1825591
2695825
2186811
2022728
366531
2528207
2836815
589899
2136055
2438398
2437222
2778286
532869
839052
2914971
589182
399941
416867
1881440
30480
2952906
2446040
231383
503272
2747284
536263
1098703
2098202
5824939
924154
1052419
1927547
211446
1673144
2721607
2547948
2880606
2530887
936978
3052619
2403122
2030005
1005837
1822356
1979793
285433
1493893
1954725
2923716
2585548
3490232
1798386
662141
812184
959812
2460508
1256078
1403067
2823870
3974191
618900
1920532
1940340
2972692
1487683
569611
2656438
1038232
1636940
2339834
948621
1852363
365123
770315
5319856
499148
3449709
619773
974119
1198269
175369
2691110
1298045
528165
946110
1285372
2240805
290924
2457300
510166
819446
2858820
5038067
396667
386531
2050082
525189
2597815
2656962
2695897
1947074
1997679
1854604
4480528
2952195
2084863
2708400
1173059
747926
1775987
1591116
1744449
853667
1094892
475597
1506821
2523553
1294542
382996
41301
1802705
2359924
1178900
1454134
789483
1799938
2482563
1039128
4347592
1359475
1908384
2554712
5038561
236918
658104
3887247
2702240
279837
8916
247666
2672652
615403
2067926
802822
3203267
1920040
2411497
271555
2470462
1748520
1187060
1654499
5628235
664873
2429686
878857
1333689
1586610
1375846
3671260
1538740
2207920
2053807
784087
963019
2542373
1350954
2350137
2380064
4731701
2877578
2097140
1149082
1419127
139456
1868120
1139164
1000359
2377442
4682636
4529491
866374
797916
805738
4785370
1204944
2919251
2308858
1169060
1188397
720514
82600
1452234
1893563
2169065
2448100
782375
5488836
1962349
2111688
2308393
2543558
1702571
1659949
157723
2855391
1912768
1433594
1014364
764135
5088099
130434
2640422
331545
798886
1297405
2906871
732842
3686741
990645
2568775
2624838
1637316
1401619
802649
2911887
5728149
197530
135642
626382
2214912
1470897
81934
1997735
2678289
2703113
3861922
701855
1181947
3047
1741153
1764286
1424920
1885577
699085
2666950
2973862
731620
451576
2821720
1781010
959416
1337499
2941522
258053
5612857
718633
1340646
4671315
2540204
1903038
1279847
5815635
294103
3777310
1279084
1645579
2642854
2097720
1189036
2785230
4871459
1387824
3260219
1091109
478245
4442261
1038727
3052077
1589338
879175
1160654
2599870
1922196
2777635
530966
1403752
1501746
699198
830701
1064379
1857485
2080487
2375497
2520870
3192545
309688
435952
2629035
1401479
42085
1010392
2872580
1876400
1768203
2585162
1869210
990341
1778130
2069207
282122
1922260
217999
2589019
1499053
1338726
2996617
837471
1095578
1118821
801687
1182738
4337949
1324131
256017
1548130
386277
1080033
2528364
2435656
2792426
4880426
1239429
1670829
3103643
1532444
1913637
2323542
1339491
2410908
1688394
542220
2554738
2539581
5660427
533108
2469852
1596818
1094960
896776
5153059
4388145
2226701
286954
2701892
715990
2537578
5436322
231580
1071666
1750349
2456778
3753719
2968213
1271382
1907846
345491
2095537
747045
949128
1562905
332695
1792781
1276391
1736372
959516
1994140
3596550
1204772
169199
1659470
2281574
2494052
2682825
2256515
1142236
745765
3042419
1341639
975524
1594169
2589827
2420441
575767
1197922
2300156
1416805
368787
351105
1785254
147214
2640794
1654117
2726141
1471746
837700
2282242
2353685
2476050
966240
2786471
5664749
1124010
1294221
142099
2498894
2668360
81616
881292
1492701
1542120
536596
2740568
423167
246401
2278427
1548245
2716369
311149
412376
1384120
2517432
2877838
808862
1078853
4722451
273906
275731
793729
1877608
669919
2739933
1141499
1307981
1057672
683516
1942310
595916
924047
1974167
130030
2020937
1185488
2871020
1751373
609165
2449278
2922104
1778907
5658049
2283274
185932
4816488
2965302
889209
711586
914831
2679293
2538611
1569242
778078
474718
912069
1427984
401275
705662
1837008
1558024
2530149
2730861
1530960
5052586
1812669
1272084
2425948
490410
106464
2347010
2331739
2526827
2028910
130713
253349
1598824
1366532
967152
90659
2621302
2207576
1493480
2310838
586104
2013957
2694386
1165195
1616556
2940425
2968105
2984266
2655206
1619353
5985335
245713
2025321
2389507
1731781
636096
1758756
2083176
1568721
4385593
2558859
1404216
3022036
2626941
2126733
1174039
1302639
2862096
2795860
882991
1608877
1310347
576396
4749346
2820472
427822
1522924
621630
2780638
962023
2834938
1867820
2926945
1948274
1922407
2962572
372400
1372869
807913
270440
1040818
2021253
2374477
2073513
1151942
699183
2700922
3992499
398104
592200
521833
1227317
1591541
1766323
5227191
2671447
2999789
749151
1051304
4874815
3430783
2819375
248820
2442586
495428
382931
13504
5982129
2850840
413536
2721233
2036966
256172
1897664
1718309
1105004
3835524
1650165
716400
1049682
2166785
5540339
575875
2850301
1512789
489106
2871187
1630449
2849619
557212
1257381
1734627
800903
2298951
2170867
2123819
1360978
2579508
1345628
501120
3637254
415811
1964789
4344929
43723
1253995
5261315
989739
722499
2579479
5040728
1251649
2137574
2432687
1537352
2000139
935039
2065326
1959903
414599
846002
1045317
86251
1523555
1410050
2215260
1058809
964963
556335
1093231
179732
1195119
2674134
2160028
5485148
1143759
2128605
2584390
1249130
1100696
1990807
2870131
3756852
2847924
2414361
2605750
3062362
2907806
1752695
1151237
1701008
2254279
107357
1006622
2178743
2061678
721547
2833999
328332
2642304
4063408
2390272
3996406
1158179
261580
4918699
2886933
1261174
541739
174339
2384188
807824
1608262
1216525
1889083
633417
2327773
989761
1165187
5324293
2102935
451247
1907510
1979238
152636
5371076
1190447
973477
1206129
513874
172493
202512
63596
3869572
4559903
2821500
5513513
2127794
315112
746425
2356594
1560048
2721597
2822799
2812263
4865972
980099
867729
2108236
3726552
2572515
1543965
2213347
1155438
1195544
1623004
713039
736336
2840264
2595443
5475550
2663283
2375716
3780623
2945063
1864228
3299688
1698505
2349599
1987999
1916844
2994568
8344
2460963
2932961
2666655
2044074
54327
2524022
2703526
260430
2569684
627219
910084
2449679
2494710
1508792
1627472
1382986
1137474
1066706
479800
413213
925208
4693828
370629
1996372
2672910
1053543
1172331
1238406
726542
1670946
4121848
1981754
1575960
2202459
2765148
284903
2986051
160384
2723135
2853799
4351924
1966220
1388899
155984
3456144
139877
5924521
1806550
2203560
1438886
1580341
1049446
643038
1959701
2581100
788183
1926880
2333555
871585
3903941
367645
3528291
1457657
1761232
748126
2199722
2481392
832940
1088582
1224162
1669888
915090
2383077
847777
1797127
1280248
2160444
1428521
401900
145378
404119
1999929
2710989
2755809
939515
2044055
2052805
831819
1624251
2490156
2825901
3443390
183656
2567893
3682092
678125
629991
926082
2561400
1889214
1896709
2526998
4955440
1617544
209870
1165087
909880
3741031
1654795
1682357
421466
2836525
1950882
2202161
2594312
2675884
1284777
126364
834987
99848
2190258
528127
1045185
2730392
2353591
2363107
2867502
673372
2250375
1354886
2456908
1948683
74442
202659
1831875
3036822
2143054
2079610
2161175
1404820
1078263
1420311
1777002
2730249
312870
2503957
2015000
231084
2141021
1630146
801807
992099
375062
1248447
4112861
2910724
1914976
1789218
403527
16985
2487609
1973179
2193704
2605836
2935659
2184018
2198485
32891
1686638
1473108
1792092
1387057
1049449
976566
2283940
2624458
315315
5337733
1337677
1283984
2403699
2749982
2212340
4295847
52193
1232641
2156610
141492
1471827
114235
1410548
1073418
3506029
1476545
72258
783343
2046366
1812643
1596441
1519993
895071
4170541
2735865
1656317
5054066
1748604
1362528
2112946
5638966
476767
2186910
3100564
2952460
1929097
2853135
1993555
1615839
279029
1780049
1341770
2584521
2107478
1498300
656460
669758
2881583
2831008
2772071
4886416
68491
1980817
2381494
950296
1390423
2134925
1961362
442390
1980881
2316861
1490757
2961218
2782350
1914567
1873250
2326014
2103491
2141014
1510116
1554957
51507
1923210
2465570
2100040
1660934
2108029
2167124
2628983
2169358
2956366
1453985
3075973
1469731
1295164
534045
449442
2362787
791429
1008658
719833
1942645
1229941
572954
1185954
2071859
3689014
1635362
1252831
2772281
3307383
24409
3893006
2873913
1185948
2668842
2683617
572818
1399674
1192854
1337371
3867544
873377
2279490
2372704
1113840
2649210
1812501
3111230
991131
2704763
278832
1412865
345532
172861
1394491
1280527
4909681
767547
1523204
2102852
187964
1862686
2093337
2945259
41798
1085398
33859
1864861
1170923
516939
2769518
2825160
2795872
2922201
250632
2860660
15457
1633670
1241458
5964223
2044796
1226222
1072315
30064
523092
1883587
954154
2206279
2370886
562992
2531745
179098
1379133
1558648
1311192
2119262
2815557
2880925
994073
1152298
5860338
2854928
2175631
518136
1332585
5417959
2043445
812885
795013
570077
2742705
370325
2922721
3232612
4992693
2975755
1035633
844499
193858
154392
618506
3160810
1222052
2328729
2342558
1008251
1874964
281877
5751177
2557171
455335
149038
4056871
2827433
1778442
1911408
2123433
2166506
654517
2745022
1139622
5609838
1187448
38729
1543914
149687
2885629
2383064
571239
2286223
4689179
1326342
746480
1097596
607260
4081208
577512
3252450
1416533
1762662
2763439
48381
1412461
2564515
1058554
479363
1921799
1666853
834472
5244747
1624520
2973630
194665
3000423
4153621
1882668
1073913
2857391
2680707
4279231
1112796
1033360
2167916
990561
993876
2008274
5339635
900925
1788799
531891
525031
2509182
1116261
3480660
702716
1777212
1983855
2650371
731036
404727
2127711
685055
480903
2560306
2601419
946731
272130
487101
2030607
1520846
3954824
2118977
1283168
1699558
547348
892028
2587348
1567177
2737636
1647809
431533
2448422
732249
643444
1421173
1502643
548630
1807220
2725174
4290029
2149640
282953
4252002
552786
1902842
5772281
2704834
371915
2900112
2244033
4073570
115075
1160940
262406
728370
902262
961813
2047284
1683543
1230855
2504190
1297678
2953013
2676146
612483
2234555
712485
2574678
132976
2913551
278722
2570064
362816
1889739
1062260
2616036
2845323
211155
2361562
398690
306930
599363
1400640
901675
546954
3118834
2822157
1144387
3621487
2646014
1740835
230221
2554559
1447506
1321673
525280
1784603
2549131
1517523
435665
166817
1471582
733643
587408
2404894
698430
2028027
2910014
732225
2711736
3793238
5319624
1517250
1229521
1758196
2609399
3570705
2575514
763930
809293
2150343
1164781
2779770
277999
4574061
1424344
2925363
973433
2725886
2073059
2207748
1709387
365793
2785244
1233596
243088
4155447
2428063
3993557
2019473
2898150
1586369
249975
291132
989260
1665723
2218994
1016769
1886276
1259208
3229094
2922962
2328913
2438955
1770784
5072459
684582
2391993
725264
489940
2234332
2706860
5804291
5853724
2473241
1315641
994471
1496894
3396320
1354896
1170422
552853
1832684
2768342
1830453
1545269
235861
1492664
1162296
2565545
360638
1252320
2513784
70910
2462128
2687456
2339809
716392
1466694
50451
2842654
3944480
892829
939424
3145892
965095
299134
4069698
489946
1160532
84975
1560057
11478
2415384
2291253
2459581
571210
346990
47856
2690100
2863978
2473328
2413081
2978644
1641569
693479
4446784
3090139
1479114
1028631
2891982
2471193
1398436
381567
2661249
875642
2631766
1961984
555394
585981
2109583
2814316
2542585
595511
4746331
1470795
2615622
2320436
949212
1219663
870114
569295
1512660
2652823
628696
1913275
5595249
1820503
1627206
145562
2753660
18737
2980576
235785
1543629
3304189
1529878
274267
544200
2372654
2172377
334419
877757
773759
1507961
2934066
1315709
2153508
1027109
700695
38618
2389285
694489
653163
1898002
4218793
902546
4874815
2985538
1657381
2297623
266073
931671
2108565
1239940
1489827
329322
4776845
2521245
1020838
1566109
69715
2462414
1307671
2245221
2790059
870411
1860164
626552
390131
2440503
411501
240720
2743744
2019983
1829205
249095
5249402
1736955
1931606
1354678
2425675
1134184
538264
1282014
1929930
1477691
2723699
2244963
1525285
2814168
180149
118598
3413571
2166839
2671602
1195094
2057785
188270
693209
200213
1873856
975780
497914
396945
2715308
340382
1061038
1456855
323833
2509565
700251
729191
1698156
2659025
3308787
721004
2310597
2391443
323653
458197
40001
3917377
1576033
929559
423636
4684175
1615535
1591480
4735723
208379
523365
824970
1800409
818604
2310734
161439
172522
226542
5573298
1394625
2103468
1991630
2616380
445728
612574
1290385
984281
1509163
1822798
643857
1407734
548506
413595
698619
2794302
2671568
367884
388049
2495748
2588904
985123
2107756
1507014
2216438
1279422
1477546
2389506
5898173
1738321
1119567
2323660
738480
153418
1568984
1754550
1051723
2743209
3004779
4709160
1431139
1233483
1206704
731844
3461215
1168525
4155442
4832536
17128
529049
209687
1172062
2824725
1793622
2050666
3771877
1811535
136775
318794
2764607
928244
108732
2234491
2192117
566200
2035062
2123288
2268630
4719815
1671854
700102
2903084
1130029
1864585
1750251
86990
2269679
2043521
335410
1949158
770518
165419
5234383
1178171
692527
2060086
3922263
2503914
758001
2640267
2780942
320646
2318548
2209260
1070167
2042278
735972
348253
436791
2880850
2848391
760939
3039344
1222639
2128655
537363
2074103
1609277
2940189
1631840
2588266
3876001
2057633
1031528
1914436
307357
1430680
4289899
1450230
338316
1778637
304681
2089522
406772
1820954
394046
1710181
504314
1473530
2636878
2355035
1284390
1661988
718725
5001524
2603604
812956
5997814
2154467
3916010
895891
2362451
50929
949275
192287
641178
2206410
1612461
1324538
376184
1497993
2493624
1822944
92841
1281577
2310671
2316156
2453387
1178491
49849
5803237
804550
1652970
487657
2521541
2335491
1152779
5430129
1416441
945772
5354709
1530655
2215783
226929
2897924
2370717
295546
87870
53084
2425991
1214668
2749940
621771
1237911
2312640
2531424
1952219
1903209
3674658
2558966
2340237
245417
1268138
1480434
808065
22455
1705209
1786740
4496002
2501099
2069914
97720
322156
4953359
3157594
191492
2257442
1213791
193625
1859559
639361
1626157
1585343
27646
289400
2057716
2168822
5811318
1967023
812257
398386
2863846
630295
1075082
1498523
778109
1323313
1530473
1463597
577533
4977257
1191485
2552586
170271
1598266
810544
5300994
1363083
791921
5738688
2846687
1859891
5761750
1613345
1582168
2854948
2163908
239436
63403
2879084
3879648
2214111
1566439
2915376
383312
835301
602151
2576147
2938866
1001744
449700
813141
578353
2917508
406794
460158
448768
2119142
1334334
831981
458715
2224134
1302081
2911235
941054
1686008
199830
2201637
2272384
2225672
4116215
310044
1528485
186051
2957033
1598025
1800356
355176
5419571
1923657
2057999
2349259
1122175
1842377
93941
1991661
911700
2994109
2355596
2699764
2193568
2579287
1834589
1746504
1164527
1460150
1953105
1514761
1318363
2592858
2032486
2411592
2349714
1744900
2414423
737300
1907512
2727946
2052604
2035178
2697525
1717723
1542537
4796256
449107
1459699
2959393
2382550
1879798
4601623
1965537
1703620
945843
2844134
5092840
1291554
1622594
2253721
1669970
2951454
91272
3453685
4979844
1358598
2427761
4161315
433679
2671984
4547536
493090
2047488
1196227
2970537
1123846
2367902
281943
907557
2947949
1584694
1837863
958566
222780
2890013
499037
342623
2980378
1401488
905630
2524705
1216861
2076963
654844
2502539
223418
1781197
1417390
4093611
1932449
839774
131627
2303119
1577102
1283136
1452478
1646169
2891756
1551187
2019754
2549280
2754251
770179
2888679
781600
2390497
238357
1976139
1201990
3397035
767147
1678116
317723
1809122
3722932
1745489
2891204
1448095
520144
2796624
1315034
2076168
4795664
446252
2853707
1580744
1522984
1296430
188658
1184492
3580431
1649904
1582191
267796
270312
2282557
2030733
2078309
1967943
688685
2387282
743945
97397
5773818
2662724
1681650
1801576
2865601
874572
257523
710897
1857818
2050042
292301
2698958
1094415
2328815
865519
1907127
1544507
1717436
1707415
1222919
1787969
1441890
1584986
2396922
737919
973727
1920724
2886692
880816
2946981
960256
1453747
2145545
1736838
5409544
2086729
2929673
1095897
1956350
3930166
481751
1433341
1297402
276038
2907514
2408739
2043104
2473625
2545460
594938
768565
878514
834434
2561126
745267
2438573
3637440
185993
1231699
5819165
758048
2226606
4745294
508065
864888
1469875
2659349
1211962
169086
3055911
1590571
1356419
328797
2647414
549308
277761
171753
4180172
2787768
3175490
2613916
5353107
5595853
2056958
2034152
2517658
680528
4542855
1617507
2107228
2704601
50955
4747157
1026531
4804629
1539672
524590
5731895
1964835
5581625
1059567
1227261
2595838
1680485
197239
2479081
2620009
152707
3512935
593484
1499489
1825314
1356720
2633496
543665
1106815
5165323
21102
1682419
822502
2141978
5893612
1131621
1276069
1231246
1203359
2254144
522155
2970691
1226971
895887
385141
126739
766563
95099
2712546
4665443
280857
3827786
781703
1626527
2956259
1546196
173261
325518
2028889
2013899
2044680
2334996
1478658
2513370
663558
1692803
344648
719837
1882160
1458100
514249
2574568
2561681
1227405
2705893
2505526
5775516
2994277
1093780
307905
1808506
1464284
2552465
2614000
3121469
527837
1797053
1468256
1174511
2969374
965363
1145407
2216124
1565340
1220612
1126262
1467799
2488888
1652196
146712
1942061
2981522
4664508
1088973
5560108
2825797
2292422
1039923
964258
1670664
2578522
2474775
2344510
866910
2939403
1157180
10570
1568921
2195082
595893
1735632
769298
2922573
4099009
956618
885210
602060
3913226
591333
265295
1002278
912004
323445
788012
406403
1902224
2641602
2036672
2660321
2653725
2586869
1551855
401229
780834
303811
471121
1114807
2258928
1312871
2249727
902820
1812803
1533754
1472334
288199
952484
880979
2510019
2479518
810026
1528605
1090023
4285862
3087914
2516471
942278
2045574
615912
1854245
2610118
2005820
2633234
2151292
2273288
333605
975218
2887148
1942200
2930937
2715628
1472459
1656394
2474188
905654
1484761
2115208
2978445
1338768
1120359
2052072
1998029
172339
1279553
434060
2674886
1214173
1973989
1975551
65385
1908338
2137414
1637467
2798180
721442
1710961
1457959
1600220
927141
2059095
4596506
711870
2957802
1100260
1426649
255996
961888
1278446
841487
2213859
360816
656666
1943205
1659910
776639
2448557
708656
1633837
1251340
2634492
2998621
3502418
2121056
1999640
2448678
1012464
2652625
3772381
1995592
1776701
1550194
1671411
3941582
2569604
209336
1533265
2294292
3234919
553186
2272532
2896257
109468
493848
1704992
465748
1934026
1721434
1617014
2510233
569806
649232
1852094
2969468
2777213
2556779
1296818
1111247
2062967
1771892
700697
2879918
1346464
2651606
5410337
4286602
815994
824725
2393957
2299456
2418604
67439
2698245
1679709
1683325
2160161
2423466
2317775
1052528
407266
2687124
685134
295707
18509
2480848
2318061
2715259
2706970
768748
578466
66750
551285
144387
1647546
2361937
1080530
2295318
2757127
2453744
2171705
2963535
858566
2584889
5778221
1849520
10235
3870399
5404425
4633529
1842912
946290
1900008
786473
2270618
919629
854413
88630
2567760
2557154
848499
2922514
1438428
2816873
1160121
1883075
386834
1716037
66734
49692
1627695
3230949
103185
128862
2671258
2427961
3971937
586129
2581097
4604259
4498710
991728
99563
2489286
2481697
257743
936895
2509447
410777
1396454
1218372
2151803
421672
1078115
2356179
2028193
2439275
4739887
2405064
2537221
1477076
1956438
1994234
2485606
1411207
2583334
4884954
935362
672252
923959
640314
2172329
2578768
3494647
2686631
5257008
30725
207658
288149
2002863
2919586
1055616
2765476
1247346
2103680
2927872
181066
2709965
2047851
1383785
80851
97066
852274
1898675
1814713
791605
1940852
223499
2045100
277370
2297348
1757458
227632
2885027
2461704
5563950
411541
5909470
1463126
2955499
1785756
1928714
2278469
466705
62494
2774480
1944573
1460915
27248
1543017
2894823
515223
2648767
1023009
653783
1615514
2007614
371943
1395042
628968
448512
69467
4318462
1973118
1056460
3861471
565193
1957475
1635817
4814131
2238466
2306768
2520021
1451429
2114918
1406417
3483783
1112342
1040873
2674148
5019095
256408
448548
1884162
1277125
2162644
3827661
2189247
415880
53134
920614
5558424
1136022
1732225
2405777
2103381
515921
1571154
2276243
1811425
1947592
1335937
2314282
2326556
994478
2124263
1354306
2210923
1316487
2449011
1605107
2194656
1441344
5437669
2371128
2168656
1823415
1089646
4702
1269274
2452158
2610596
1772495
71880
228490
248891
1019912
148858
66609
2362726
1097651
1147604
2908514
106186
1176242
4299850
788175
2427822
2655586
2280267
1183743
1347547
1990732
1607872
872555
609681
445308
2385273
2835094
1865426
858510
1587002
620763
837854
2059216
213011
2596994
706560
1945507
1192953
916938
4645183
190784
782688
1006507
2076917
1644478
936262
609950
2770756
2208566
981125
3738484
4707596
1456336
60858
878288
1183318
613046
2645749
469091
545971
732243
677875
2473827
2411041
623021
1051170
1911399
2673142
1743276
892288
916781
926929
2890004
1854187
1626474
298534
34119
568612
4229800
1581054
2903850
2956853
766504
2741597
2015145
1593866
958187
2211807
4373960
2514732
2838135
2072993
1490397
737036
480673
2491332
1788653
112047
2386298
1287645
2530659
208469
1157969
8782
177258
324936
1603680
946295
2914740
3572271
267462
1075906
103591
2109849
1015221
2508935
2520729
2293873
399025
739724
1928430
2367569
4587438
1125638
1308114
2430096
763724
1808917
2956559
3646484
687701
195988
730138
2537314
4080492
2337807
2807210
288450
2173343
1160526
1435008
1394250
491169
1675904
256640
1564670
696172
359216
951358
1887079
1911990
2423243
1087096
2362232
1833381
723483
232984
5729337
1669141
770554
2440542
131346
2365886
2134345
1347107
861232
444407
1677182
2596160
2392990
2733772
2765535
1495434
921808
812091
4331732
1098214
4521427
2482308
704951
1102944
4767891
1128224
1260788
908539
139759
2366869
1895130
1386072
1957453
140632
796241
2531295
1630704
2261503
1915176
954210
2445010
784409
2832240
1683305
3799745
417792
1665781
2664354
245106
1547882
1906053
546918
811109
1762325
1152469
204973
2379977
2692777
2681728
2628893
954522
4588918
2152324
2124607
1885715
2742678
2080295
205234
1653419
2778068
495476
2289340
330356
2892728
2976570
554397
2268115
2922071
909012
5243017
1443336
1861285
4092610
916589
2335654
1082139
3599022
1558865
2103078
2646123
1749687
513042
2221360
587501
1869727
2881815
1073798
2821462
1735152
2976137
2025057
939658
306886
2316768
2469008
1006136
2380071
639766
2775611
2846166
2035850
13063
2111219
807280
2225353
5771624
1679669
383369
2103825
2580563
2250027
2963238
1065547
263903
1290369
730304
1339200
2654049
2221398
1017537
2754167
1546167
846235
1651372
120417
154282
2339174
1827047
223846
2867884
334008
1996177
2565498
2749980
3001428
2344133
52495
1353226
2651423
4653834
2328125
1985998
635153
2175203
1141707
2107967
925386
2770148
1953665
475856
1519285
4251888
1541436
2758452
1478994
2222038
383129
2096243
2340294
2031516
1695573
1519758
1466194
2916732
33859
1499
935696
1899812
2600381
1683386
1367295
1881215
608238
1966819
4537099
621413
5531311
1555427
898430
1011116
1847380
221131
1898746
1354824
2393914
1844199
631896
2148023
1250842
2955622
1615309
2198054
1506035
4232122
1440529
2111070
2979692
1453599
2035392
824115
1062160
652778
486472
2082036
2847061
2500227
967744
2224877
246493
2675870
265147
3886656
1649730
508333
465581
693878
1610053
1816824
4371362
612285
834533
44310
1116766
889617
1311337
192389
1206780
248424
763883
4125271
1349381
1659784
2806993
1176634
1491731
1603887
767071
2938529
1541852
2969837
143844
1776114
73632
536822
2546974
1985505
2377085
679980
2366755
84506
730313
1758586
3867592
4143369
1657785
2337112
2014409
1873268
1973621
2045049
322224
2691658
2788528
758802
1641225
1575325
160310
185089
1961997
1102324
4615766
363193
2134845
2648695
1387678
1603295
4645985
2428036
503709
3520548
2740218
2592568
2425514
2031273
147851
875930
34288
2159704
2039890
777828
2694168
1970949
1919955
207494
128734
1716688
1786589
48721
2180675
2991393
872531
2623312
2716813
1384162
491910
2257415
2129137
812243
4338915
2090293
1780963
593917
2226428
2964647
665232
1325256
4685903
2893115
390990
1762628
3557112
2994694
1259444
462502
3911783
2511673
2491967
4934291
1345604
2623129
1245298
1061417
2148571
887612
3425431
1827474
1976427
1116751
1839105
1811299
923367
859665
1223261
1351819
5386493
1829931
752297
2449649
1342683
236767
591424
1379932
1861016
1115383
1821758
1993033
1485956
4823366
2944837
2021999
934647
2490350
1995552
2649392
2337149
2267199
2244448
848757
2614545
584419
444412
1467393
1753049
2622566
396329
1952134
2387926
929178
630051
1764875
373317
1053133
861425
5049079
1228961
933230
2993474
1150646
1783743
2784369
2089946
895713
1124677
659494
195452
1463446
2549472
2794500
205450
1305919
2996024
2350245
1200119
875464
5500285
2124733
5765414
1374223
645501
6041
1225806
2650012
1992005
2450273
2929707
1579633
66375
3621075
1753934
554706
1442642
1251238
2473821
2224345
2989945
1331468
1483268
3598516
1357394
1379549
2323483
2809366
1541807
1047898
1910043
879349
5495533
2859959
5667377
754728
94816
5124762
463433
2021327
44502
1998444
596301
1067215
621037
2383415
5599493
1142364
2698308
1196490
1635008
1246819
5392556
1415574
2938848
1071236
1026902
5472163
2979003
2097341
788912
2043411
1682231
2336967
67190
1247731
971209
994431
423521
3097977
1493736
10732
678551
1553679
2520296
801106
1397015
2446065
1327100
1389784
175240
1310218
563028
350358
457803
355523
489247
1274615
1575457
162100
933199
191414
2610850
2167370
2270224
1583867
1417808
110961
1451183
666739
1388076
2261065
2415235
861124
682056
2952547
973932
302082
1790017
400872
2225752
136132
1531847
2679999
1634179
446969
1788591
1539419
1703541
684291
1517330
1213630
100990
788208
4713135
945179
2036782
525974
2895857
1310992
1147414
1070792
1142076
2684674
2547361
5495944
458412
333862
63814
2750921
2924518
4605164
2125484
2568474
2738929
2753130
1222119
642789
1614269
2945572
2168332
707380
494647
2757440
2701049
4534884
2749658
4273659
2202063
2951346
779715
1040505
334302
1494539
2264696
2429630
2348510
2785132
349852
1521555
2969003
4797407
710893
712407
1211394
179297
609237
1896768
45322
2371480
1872227
2005627
4549282
59416
2191767
1908866
2982703
550913
1006561
1663771
172790
657240
1206760
2456772
2872703
2306825
78548
2317756
4519641
705824
2410817
997884
478268
853738
1997102
485871
1889424
1494139
702941
2810356
1392765
532997
472533
2329707
5941322
3887069
519120
2802411
747826
629880
1564972
483043
1005826
273742
2888388
1207368
2282085
1656831
511031
1434702
1549629
5916471
2193481
846777
4455971
2472417
1565038
1844916
1857125
2059130
2791641
406113
2440263
1555162
2186682
363624
1194471
1275929
1523557
2906582
765644
2371715
430498
1274266
4698742
2596189
2488185
535825
1146381
1886693
2442636
2427723
1969506
264419
1017290
105457
3639055
3457694
2752148
386867
321802
1229699
88283
1895614
340142
1763355
1430747
4384964
543315
1571093
295486
637699
2814727
1365447
2821821
24061
2099192
5185726
4205386
1232204
5175441
307579
504695
2704501
432852
1645667
1467585
135867
2615435
941641
523788
1042624
2762497
1419328
5687873
1901393
1733932
430932
2659755
1671713
2686412
1863367
1931681
2644006
1447161
1062090
774890
1051730
1683530
648292
2103014
655492
18381
1533325
2869869
2629031
1670980
3461173
864165
587332
2983554
597654
992730
751908
2410038
493032
2079725
1787148
2885342
143753
1232207
2859615
2097941
2283905
21265
2634603
609954
687688
586162
1694416
2535657
229643
2923211
4980052
287653
2884410
261667
2757312
1876437
2386288
932432
1652123
1187615
1143957
710111
977169
2027811
140506
1389983
2118226
233238
1551134
1448456
1284022
1313202
2692320
900973
2669518
1637691
2916953
2931624
1001954
617128
144610
1505795
1298868
1570908
3751664
1086579
2144298
1054784
168363
5946976
539369
2230183
345287
886166
1310818
2236414
2531022
406610
2681429
1008353
1353227
509225
5089304
5466670
281080
5455200
1242579
766936
2305877
1567320
2001231
399927
181608
744216
593716
883790
4028275
2436376
1656279
413687
639503
2972784
1097920
2214128
1745371
996691
2031403
247557
1507893
382066
555626
253679
2115306
757049
977634
105310
5262155
1940489
2471600
1193690
2846477
1954235
743033
401531
4590241
2292221
1940372
2675121
2026219
5295993
1964517
568572
676283
2810466
198647
186230
229354
18855
979180
29605
4413627
1155368
1337227
312625
5564129
4953813
918965
774449
1994507
1701040
2172378
659851
2359329
921773
315846
4156972
324662
2447310
1148498
2411305
1135839
4215529
5385599
2125660
1682721
601979
2980083
3803890
1520533
2815184
2453512
4919338
1694106
769521
964967
348293
1147938
1847559
1389637
76557
5258274
2504517
429514
55402
22222
2468307
2789142
1488978
2165082
1011769
738158
1163331
2870941
2816057
1656374
2679842
1317802
1337706
2699465
136545
1767866
2482760
977347
5080004
2469866
5571524
2365864
2043575
72871
381674
952608
1795615
1812812
627443
417177
88561
342860
27905
2195245
1366015
1828599
1757365
2313645
2035468
5653102
2758294
2491715
1785922
2259468
259873
2430080
1170717
352130
188511
5481450
4377
2410416
1948735
663733
2341954
871206
984694
917383
1210438
3934172
712615
1365405
1336746
5724061
1787746
831618
2347370
2248289
1312619
490753
1721440
2674635
729492
1003934
806963
2210463
2206345
1433229
2058858
3805499
1718975
603925
1320794
2884339
879386
324556
524430
2428466
1969370
1730945
1005731
4320591
2169250
2072458
2622354
2838423
2917310
1390888
2244400
1488700
1737105
1901178
2444823
1491236
543748
543439
956495
870762
1768439
447394
1162850
1539357
4921015
1863956
350429
351777
2730517
1159993
739715
1850135
446098
2296101
316011
2365487
2261584
877558
1589784
605333
1288402
270896
1311664
2967607
2121761
1419693
1371945
1869174
766215
1883725
2295807
2756775
178023
5637155
2345292
497449
4463170
637649
2040902
1990747
4576262
2771137
1643901
1626342
52757
223965
170127
1085780
4699497
2239726
322793
2238820
1469276
1096043
671641
1812558
441012
819748
2845282
2621131
1389349
643035
1952218
892034
1896175
781758
2543567
933582
4445503
2362872
4313328
3481413
2302839
1044994
2262060
1289589
536524
2260388
2119249
1920999
1028783
133765
4017496
774059
1960509
1999249
2807887
2745129
2583858
1871302
700971
2311251
5094014
2652412
708776
3357344
2087350
2676323
2413001
1942793
3322319
214700
3816591
2485994
1560252
2616913
2493240
1865876
1904451
1185236
1359132
3549101
1887018
446343
2017066
2184843
854537
1592381
1760183
2580258
749104
941326
1220375
2437859
1174898
2063727
1297395
607123
335767
2145460
2657082
1541930
1246813
2052990
1887796
1305390
5720510
65322
663962
454395
1999295
3603352
1673997
1042711
1257639
954300
1947317
5454372
1900986
1457993
2301635
2036204
1452159
2439858
1799167
2797306
366405
734991
8526
5096887
1913979
977353
2839065
1691538
842806
2900242
2949339
789669
2647505
1567388
1279704
1572411
1245045
435228
1843105
2537168
1330725
127988
2828676
2330984
2156998
2019389
724507
2121433
4386920
1932909
1245364
290704
645462
656104
2658371
305630
83861
2448581
1122500
1588380
372372
1769641
2957166
1452502
2502104
2770832
2372215
862176
1250178
459970
342765
765926
2998421
37493
1847809
1298839
5203822
2011286
1889551
50515
2356774
2788380
358051
964687
577600
1078354
2959862
289019
998258
2885649
2419543
2428216
2378507
1117946
2014125
4065897
1712572
2246235
2996361
2968570
2752664
3484449
600419
1648266
3690894
2908214
1461846
2656364
1384209
784135
1726377
2412511
1633822
444442
626085
1001454
1426184
80638
2406216
2824224
2502200
493646
497476
411753
281638
1960757
925531
432665
224797
2125725
732645
1259020
323368
1907782
1989455
446554
2685047
3868672
5913855
3417770
649765
1254496
1418672
698966
444682
531059
127970
586442
2196848
2456657
547236
54768
2677842
2800810
1895168
2808594
908956
3887083
2169823
216990
2454598
1347013
1030582
1953647
2631211
1254672
1342742
5105346
1089835
1836388
1060712
2395361
2893425
1370949
2937681
600364
93433
1268347
7454
5239086
912329
1466863
2900387
3369982
2806210
923949
1623413
2281576
325470
2094307
346592
3807024
3697598
693753
2353467
2685875
2652435
1164933
1591039
994730
295271
761641
2154369
1532441
3256023
2968212
691017
1123343
880107
1055951
1746465
1996702
1732551
974439
2830519
452052
2587774
2387251
197857
256591
297455
759453
1643081
2597131
1532203
1238767
2612116
2849744
521969
4668644
1261038
2932877
387406
2257673
1618198
163611
1630218
2030904
2230177
1236915
2547092
478865
1369744
1643795
1842112
788726
2516170
2042947
2268323
2518900
111174
2256792
353790
1957525
1750154
2434277
924337
2129430
2583019
2648396
2601213
2722626
1739447
606911
1523702
84190
43661
2816529
1930745
4798498
256417
5245897
1475970
178986
559371
4080644
982084
3147710
341775
2598495
4971158
809958
1112431
2072640
484736
760117
938097
2214153
278884
3482845
688765
1569044
2179299
4458128
695137
1574754
219928
1160189
58607
270210
342004
197703
217840
2722873
403433
866276
2906758
1478820
4938603
2928934
1309916
827146
2511722
362868
2550865
233999
1754670
731934
3710973
2226813
1703136
1154541
506406
105987
2865494
492634
2503445
4264107
1503985
1699119
166043
3598784
1275261
858448
144209
1560316
5172314
2717362
2674763
553852
4851759
5066300
215093
2651729
2546599
955470
1368062
117347
912112
789653
1158776
2591777
688576
2003045
1741696
904458
4053151
2064322
247571
44444
1110477
2428862
4315730
105536
2842599
1109034
238878
506628
2810520
1503380
2960509
2084568
2841367
3124963
2228078
1768739
2468900
2787719
306973
79250
998462
487227
2591438
75414
829722
2470137
2738119
2136009
2042212
2684339
2847904
962864
2280993
2372358
728997
2700937
1224027
1369749
1070348
2374966
3124733
1313299
1942227
1708882
884948
9516
1838783
331712
837486
2360521
1446134
1511357
2313582
870017
923275
1718253
1713714
1766756
1285627
2871306
231763
500763
5391746
2948305
1148857
751355
499000
372059
841111
2030956
900123
725611
1451342
2150502
2268618
718812
1686425
5376834
1700300
2665020
2957839
2150780
152358
99178
1250410
18686
1583617
2793322
2016143
1324158
1703282
522817
356717
1996419
3562747
2595776
2420562
1097616
4595310
323191
1836293
350750
1033531
457969
491595
2023491
2703706
3952587
4876592
2543484
1174661
4809649
2118414
1780962
2659237
689754
299752
2538335
2050824
629747
1834623
1446009
1933407
1745338
1156065
637073
726441
1826128
2087562
1780578
2128088
1482989
1451492
2139095
1916758
2483488
1324348
23142
2803028
952519
2257261
5851350
416902
1778998
1930255
2029707
1547796
36860
2569922
5099942
1667934
3345274
1073394
2324635
3605173
3682405
2764259
1094960
2115731
2270280
3478492
890103
2408199
1602075
4011317
4523459
281468
1631350
44123
476690
2119111
2744868
1126069
609654
2404913
560066
1990447
1645601
434009
1958019
2962337
2018912
4512581
5277806
479819
1711769
1547822
1535584
2954116
288222
344496
2898603
1752768
1199489
1776154
5226533
1021802
1238945
1949066
1698903
2745208
1054593
4957576
1403784
967907
686155
2972610
107479
2220962
143837
911435
135658
2117927
1876904
1793464
338114
2938270
2664540
735482
1742130
2288173
2824454
2643565
4730818
2937055
2991731
2925386
1382809
4653652
3396534
3932463
1730559
2046719
352737
2850123
2970761
1421603
2615029
728051
463331
1901510
760640
37542
1230456
655949
1851904
2537733
1445640
1713063
1445275
2343690
819220
1013099
2115870
43090
128572
2319687
2363289
1543406
2727039
958446
1945199
1979468
1004909
215084
147323
1950752
5438438
5832386
525068
1625159
734857
2189399
2077410
1730333
2210995
959283
1695217
2034437
4749268
1360789
1663634
1743467
411841
2275122
849530
911283
1550272
845661
2747313
5034414
688135
777958
2859574
754033
2197679
2166889
4149185
2457572
2305420
2393579
2120465
2755470
1752229
797206
1149171
2119441
796458
2488254
361451
2379481
4193291
5698231
2002555
1616703
2837349
1986195
373788
770873
2042109
1716461
2497591
3092120
2116360
134648
2552642
465445
281669
510941
2364342
1092420
2444576
3632609
1906807
2081104
792743
2834797
603138
685364
2472427
2815281
2989894
286487
2192347
783331
1114040
1979162
2050506
2226011
2783004
844114
2640836
1351395
2817331
2999298
2094792
2370276
1125574
2124858
1797414
1836909
1176411
2177938
814517
786117
398945
1932438
1429574
1046949
1979315
1005367
2917481
3725791
1008635
1647921
1631395
1278111
1165188
2721982
355917
2617588
1623001
644361
1565798
2894514
718360
282807
904076
2696091
682762
685681
1211329
2047463
2881862
1540479
643893
535652
2493074
1435082
2843689
1099288
1324958
305236
2862459
2645218
542606
466279
3821488
1614546
5637306
1127216
807150
1599295
1258041
1148757
2560793
698235
1143384
2312246
915734
1348253
2748753
1532481
1964490
4233338
1060771
591927
2816459
373788
2875074
1609184
2320729
1180493
2001713
3492796
2035962
2549360
1934755
2126926
561469
2532357
2560523
232180
1112651
26816
1689882
2435438
1711271
2229067
1894332
512357
375412
1042241
779255
1882758
2169634
2350731
1912817
637414
1173021
4115238
583609
2235930
1777992
328596
764343
3331288
2514472
2839888
1221665
2179862
4817129
3895274
2886646
3999213
5872067
219721
1832441
1028509
199064
4135348
2945510
1409369
135163
1045038
1572726
462014
4375031
2728494
2892359
1831043
1156800
2855845
635968
2368254
2021712
1126449
1023885
2582224
2735083
1015488
872565
2451026
1450197
2889765
2575972
585642
2699424
105654
1317814
1485865
3699120
1854215
325471
1500115
2474186
2469104
340185
245860
2733517
1823735
3546987
2638253
81339
1723137
140488
1363435
1487511
1275299
1616585
87984
1709747
442375
1539038
2820888
1458453
1690597
1893777
3918125
2308979
545750
2508889
960034
936319
1340716
586391
2378453
16249
1398077
1014283
964941
2554535
2599533
4575792
2431183
2832278
2842683
4776502
2616003
2022917
5864739
2339533
554034
263448
2699491
2263212
265033
2517599
2059109
2622235
1807492
1180167
1784737
2106088
2794927
2729712
3756183
1430596
1532538
1572657
2891712
2261065
1693915
2917708
2647404
1605230
1369717
415429
202905
1395728
1746470
2473314
1257607
671985
301904
1388297
188453
1516049
2760119
1933017
1677181
2305610
1561228
194927
43882
4486315
3964010
1551622
2870385
1410941
1960739
706285
2114358
2376663
2238585
1198292
1234877
1584981
2619771
2595156
618100
3700827
5137797
5858184
520479
1571379
227975
1985342
1812289
1962429
661285
2154595
436796
1792163
318464
1116240
3771691
783949
242320
586828
2315653
2742974
1150900
531702
4584476
2753199
2570696
3514029
2965520
1473614
11805
1086107
383069
2270867
2036230
893994
2673781
1541663
1944520
838678
117117
1368457
1139387
1760997
1650413
3159656
2644411
652863
676126
451612
2911464
1359129
998715
24734
2297425
2117306
2491308
903755
779255
222752
4235343
1389829
2581553
28033
1804593
964989
1068160
3319262
1758887
1707397
844555
3635026
2742903
2270443
506201
1171761
2212863
2296861
1122331
903347
2396496
2738881
2680347
51847
2155996
1763780
2093283
229032
1335247
438391
1880410
2900885
1481893
330807
1889151
2839439
4597759
2992452
5575680
1632537
2585375
1242086
1484148
49419
235980
1043159
2290034
214711
1458271
2423971
3570685
1797501
1177727
4296819
1733483
2234358
675180
2166362
1046482
794600
2425214
2550328
4156332
1360266
5149741
3598714
2278323
2397699
1965920
602366
1109247
712026
1677956
5302492
141323
1964950
1824391
2088474
4024621
209627
65426
2692608
219535
1365929
753509
302145
852897
2945149
1320924
1888131
896137
758771
5471314
1363891
865045
731321
852686
1737013
775176
2041152
853250
2401157
1125386
2479918
248407
3962230
2667937
1217499
16871
1885532
662622
481552
333866
49070
2886130
5673860
3292801
961842
956142
2096334
73249
4264695
1775069
106778
3110389
2987148
1807118
118967
2313557
470624
2367185
1449603
1739713
3371397
1279735
1824017
85896
4978168
281646
225790
894610
1407898
2714321
1481792
1411811
1213965
2753
5655955
1674860
1598059
2352459
582503
2333371
1987315
1143213
4654096
2622512
2097448
2017656
309357
302268
736817
2615851
2303350
971757
1024285
904793
5070494
3466932
2254147
2677624
1631784
1784032
1022588
495142
2855077
1288045
540013
921886
2675573
2645580
2776278
2544131
907695
1389419
2665203
4380802
2367531
554818
872265
483060
20206
245454
674061
1756629
3892457
4827447
1349672
629065
2895088
754166
5433135
2964812
2024712
574326
2067670
2584310
1660458
2208237
1526437
871581
1586073
1577162
363610
2125409
542162
2189228
1595454
2482017
1711412
2072871
42123
2106570
1194953
2667082
2378457
1922396
1359145
906320
388455
1121969
1628303
962686
4996528
1711900
2830077
1452166
711134
2060805
1863443
2173755
375949
2988186
749184
3430452
690385
716531
392444
1890317
2292487
2082153
1477427
2813950
2476104
1101814
1814693
1275439
2911853
1448637
2459597
2804665
2246823
401170
1436876
310910
1381862
2775682
1258100
2819209
81376
2157364
864569
2860165
498246
3582042
1656976
1897689
1174422
2256736
2415039
3863903
1812333
2626784
2940447
2600048
107815
84323
2124243
2958175
223595
579633
2249627
2836137
222270
1295389
3213343
453853
2900294
292851
2594666
2573111
522429
2894331
1362219
1947823
1332183
616142
2547241
1083064
2216144
1793209
1260761
1491478
2412201
2552880
1118309
441541
516093
637756
638531
2966571
5878038
2593177
1530098
771228
105326
272578
2479747
980577
148990
1083711
2952482
1991283
932149
1689467
2339861
762533
2311789
2862286
976796
2444995
2421900
195104
2450086
459217
1152209
919388
3083336
679620
2220715
1496075
290198
2298628
2937468
1063999
1838208
2101261
310098
1400936
2219652
290680
2530000
510414
2636926
1402473
3943304
1693188
741252
2983375
2199299
392913
2005693
982693
1946546
1835102
46416
1097761
5562499
1723669
479443
810852
1565727
4969961
186325
1106018
2075453
2011143
1088573
648992
289025
3889358
2174394
4279760
2297674
1143552
3435285
2972107
4159574
2080731
1742061
482652
2773964
805927
947762
2282593
1539465
1709987
1742548
22814
1259424
3457136
1758227
1110432
246446
2658510
1114927
763673
205981
705879
2422723
215607
1781284
1296221
2761643
2077870
234314
2223205
2332637
1656973
2500364
2148826
1806758
5120739
4553340
2137414
1897709
1883429
206519
1236471
4010998
2639801
1317641
1914885
1871307
1482151
1646972
1359952
2562903
99714
1381892
2864123
898609
2643491
5298520
724208
2891396
3670683
305218
2837101
641025
1293664
433620
4838233
5032479
2350957
2586258
2187312
1685548
1793563
2834325
780127
2987351
1700233
734485
2879723
2966156
1430884
569160
2377776
1961223
55482
4680003
2607968
1730641
660628
2653678
1037840
2782197
465547
1478349
2255075
568325
1715657
2991668
1553046
1268554
655791
228431
1940554
464933
3935506
561254
2581287
2828503
1503273
318332
1804204
273777
3481563
1047830
2896787
299906
2121326
1846223
2593465
1711221
607622
2800600
112233
20087
400956
1828562
2442201
2440787
998812
292621
2583572
1318228
1264500
5893372
1163311
860131
1592302
365174
3900351
366655
2433822
2717137
2578941
1542605
1187620
984620
2840531
1753334
1442027
1630482
1164670
1031699
2149672
1033545
4707848
399362
602598
1339069
953674
4967197
1869630
1687371
2974393
783254
2161634
457587
1277156
5350591
1605385
377849
2516552
2038449
1168562
523838
2061286
2846639
2005765
614988
2299953
2312181
1414491
552643
5885626
719092
2140453
2674990
633912
1277128
407336
2498494
2260933
2190575
1752496
445087
1564415
2648001
2399934
1785758
2911262
3726516
1562033
2019149
1435617
47655
1968282
1125239
4600845
1523138
4478788
649851
1997632
5890704
1677197
2284799
2696480
2927356
2744281
897716
1116546
2437913
891566
679446
1041006
651384
1583549
931203
4500188
1763404
3751548
3448329
2393671
939238
1584010
3756680
1341825
2471418
294629
330070
2626850
994163
2040218
159425
999637
5362789
2994359
255925
1836771
5907137
1129520
2083729
1466458
2759622
2430548
2010567
563057
2580598
1878383
1395737
1232339
303666
1916851
1173935
1291737
561342
1079257
847997
1445462
2927075
1024254
188017
683772
805029
1141786
171907
114685
4132408
714664
2556008
831410
1410198
139721
1400116
856342
867293
5082772
742122
2069874
2385632
2317084
2785992
1853867
1518301
1929472
116262
2961995
1219941
1869446
2762725
410523
2809513
1382715
614109
481172
487270
876175
2555856
735073
2473042
2436518
2839609
891409
2290883
390988
793174
718428
2160254
19017
2039004
4185480
1988147
2195697
582646
1422775
3603551
2275006
2929455
2518869
2224589
2448467
128654
1011841
609366
1340356
1236248
337838
1258342
930067
242314
368065
2827583
42947
1213882
284486
2356081
1657836
3765650
545489
2972336
2888241
160818
2818289
502212
112576
560595
2848171
1662890
623061
5306938
2581831
1402367
197866
726658
1260228
1657842
69157
2625629
965864
2650616
3429372
1421960
3335039
2391163
183311
1732560
1527764
2502356
474625
270777
1673004
496509
571347
991217
2494620
2759720
1755789
871189
1664717
2878176
298203
1225497
2085908
1998776
2632244
551658
1361545
1099286
21464
79677
2879067
602255
2994198
156367
1316681
345511
789636
2073421
1027634
2837030
33808
999994
656919
1985393
2704329
2088411
661388
2449556
1720144
1531529
3624852
2916873
27833
2018840
2407579
2259342
2130408
4352949
2286523
2915251
3732457
471504
309481
130199
1789290
1484648
1448090
438269
445738
3808950
790884
3275644
2278043
1062569
424413
2389174
1475607
1005106
970512
2449986
1571154
664828
1094171
2171868
324294
906891
1630422
1489595
1383906
2574688
5605997
92703
1221581
1306591
1273716
999718
2153595
2330525
544316
101363
1733341
535865
1667210
2062570
3435475
1629166
1107320
507206
2610752
1657164
561409
4722137
5340631
1739647
2205284
125517
2780580
847329
1430129
70212
712263
828819
1171158
1652780
2606558
1983899
151361
807652
2347648
2786925
887970
2488368
1214530
422719
1198481
1762447
2730383
2255830
2933038
210898
669651
3862815
21460
1103305
1496760
1677633
1657059
2317672
5242332
1946840
2450758
2423986
1149004
1232233
2395309
266765
2385276
2871766
2601748
88556
751287
2378954
2158804
1898862
1963517
5511601
2537763
1081907
2780005
727845
438033
383581
1484997
2394338
1704385
3909190
1232272
902997
2386424
1892938
1753250
1403295
226373
1184580
782262
506118
516890
2569406
1632912
1332394
2483655
642964
1349091
481793
241471
372543
2545048
298611
3338323
4368591
1677485
729976
5157197
1007888
1265467
2228346
1802524
1908126
2086024
2171768
161512
293683
2932766
2368511
82116
2299459
1909363
913998
2383554
1774952
1879964
2601434
1799259
2674870
4434324
1286022
1588250
1226535
2901892
1728603
264888
2942421
900259
1250272
2170441
1341160
1885293
2416389
793364
2977992
2404882
460862
543504
4648009
1813116
2217397
371761
2130971
1978236
2830489
2508282
1346415
1210861
1112524
1978221
1757226
1718230
1238747
1448759
5740707
2784485
2795702
2961808
656067
103134
287258
2869283
1577050
4995107
78124
2974989
851861
327588
1922085
1896574
210209
1626602
2755926
735869
1722307
2912387
2880353
5955792
2266000
1369710
2515114
5813727
2105771
508829
2636699
1508765
365194
1176484
226527
1019612
1225852
176275
1694545
445011
106303
5361766
1956161
2718904
2085632
146727
2739372
1997752
2709819
2086717
232643
561984
1156100
5162469
505220
2221362
2351274
568934
1392959
2242633
600029
208005
1406730
3706139
2604786
595048
1444327
2475149
1447747
598170
956574
252122
2728240
1997188
867418
1279391
2595053
107282
4954476
1901843
1785334
636617
421662
2207208
1828909
1030629
1487851
56001
1704530
1611607
1299419
2052638
1966905
90805
421066
4516774
2391783
989502
5608502
1902516
784850
417191
4916674
2332057
4079483
948508
475482
1693843
800707
2818083
1356619
2587372
429999
1045027
1848957
1642017
2414558
1033468
370843
1189087
2639685
38228
2620248
1379647
752100
1972448
1467994
1085575
1089411
1091968
113383
108763
2493232
1073820
2501909
1248718
1672917
2450251
2173886
372995
2960536
680129
1469827
2567166
2090836
398416
155270
1941282
2312336
2636258
1399388
5971227
4593765
2825259
2658315
1091987
2914450
459910
902952
2204150
554756
1571429
1533538
2598154
4940707
725037
126594
318600
2359316
5501618
2295210
1739112
3595194
150705
2960667
1181514
836630
960461
1474949
1529445
1210155
711221
117436
1618454
509235
494148
2449211
5126057
1209785
4495583
1440480
160766
623542
2280286
2845441
2230631
2497587
704290
2357813
5569108
2614831
1931541
791910
4511470
2921793
1766146
2867641
1123979
93833
5274547
5108774
5797423
2766356
3360490
3751822
281768
1290466
6630
2158557
307157
2573545
1244475
1208766
2953117
2675225
1635939
4419109
2651153
2844911
3800960
1047336
317343
2954117
1019453
4297774
1999552
1474518
99521
1998183
2816898
2519969
1039244
1970504
1682620
1298203
1224707
2154951
1655937
844910
2072340
2377820
457653
2459353
1247183
765570
809715
3313715
373031
348940
1866065
2926150
2621925
1983907
2491220
2799432
3790713
869638
2384786
3052304
743871
1158884
3363097
1381717
1509349
2763110
173039
764631
2618552
566049
549859
4683195
1662674
2875728
984496
475534
1917812
1007901
1379666
1605814
3593806
255273
312736
356892
1387892
2298508
2833593
5093730
1257881
4594792
483506
936611
1694007
2656608
968232
1321820
2866095
423004
109038
1655429
2017617
1213760
2428203
1031922
905092
1167379
2207681
1718114
3258952
1381098
656526
2759354
122969
3596160
434400
2035372
708222
2887466
248428
4293135
248910
285240
1089540
2279909
2915011
222601
717704
1597480
741926
1859898
1445182
2626196
2276103
2459686
431426
2333975
2266408
1446351
1991681
523756
1695336
5796245
2658047
1579437
4828491
1589151
1135818
832028
1442511
1890118
620106
1985597
884747
5572294
92001
3471127
2381060
2275432
1308454
913477
285185
1900626
2812193
390292
2791109
361603
663903
1162712
261022
2794082
1801662
5800141
481734
2212621
837284
69086
2722433
1041478
147622
3394765
2143803
2493756
682971
513494
1410621
1686890
5680207
4830477
827826
5782532
610918
2801988
1887967
2188571
4825514
31677
19901
479529
2421305
642738
276907
2576
353356
838140
2955562
1431458
883514
2131810
3987445
371617
583230
108902
2589879
1255858
2867903
1689190
4046235
3936825
2708624
23700
4813134
3996646
413484
1036166
640436
375256
2068928
341192
1619289
1637202
1417828
1307657
921163
122083
999385
2520432
565655
1751268
565848
2957333
1861841
1324169
2031527
2196452
1342519
1698284
1508978
2931683
1405898
1031982
868014
1474139
1838024
5216664
2825131
1970273
2727959
1334550
558158
2665709
2703720
2694228
1324743
2940244
1956976
2604929
858579
2918688
1286226
2208039
4842368
643763
1575342
2618984
1053955
938861
752160
2140337
1617102
2438655
1220070
804122
2586487
339593
2203815
1711301
102732
2845965
4629242
2480729
1257477
2553430
334299
1315303
119912
2187689
1883065
5828636
2175283
5752174
345676
456315
42558
2605579
28609
2648775
1404586
521304
2842879
1467885
2536128
2859510
1329204
2715953
1325023
285478
1963950
1930671
1131578
1632297
2869039
1253137
2235064
658219
1622310
1169734
357418
1409720
2821006
2888826
1771413
1212366
1038526
2473346
1237095
2323893
2024354
1889300
1119543
789495
1127911
1505947
312955
353893
2709276
826071
207391
2284325
42869
2410226
150402
3769080
572287
223315
2219131
2983636
359674
843731
830170
4957402
2471895
2581289
2714816
1871143
1617424
1061593
1867796
690984
2695441
3618168
1857105
695139
5623311
4342223
5737386
5204327
1882762
1035693
1084169
2039285
1597074
1291993
2753495
2371718
78403
179573
2805806
2516038
503610
6565
427678
962800
1172565
16033
1099769
2819156
1207463
1148600
1621211
1296768
2709015
881326
1235256
1742369
5236593
1712523
2010514
2946426
1747101
1222762
2264358
3531963
507954
682207
622272
1987448
1599007
2815052
1726719
2103804
2853383
3459073
756383
1107478
929559
2980364
798573
2359704
73938
4927237
2760059
4856088
5407556
490560
2860542
2159656
128751
2012835
1831856
71049
5267035
768502
2581649
1487135
926088
2682761
2598502
542292
1860619
2717596
18395
1873241
1010403
57700
139793
107023
842135
103854
1331290
1919477
2783765
1238780
568296
629573
4794246
1580075
262869
5433415
1479524
1233267
711072
352642
1717153
2707085
2353838
215487
2467719
846838
403629
703747
817806
2762480
1533469
1446519
2541516
2213905
1736593
887297
2515161
1256850
483733
2199685
1909548
193201
148719
212459
844292
1796753
1005887
2044232
2617186
2513211
2365608
57030
1512409
752807
5454558
804832
2526238
426342
2740810
2354549
3485460
1499363
1778021
1473987
1117094
785275
3533139
2460720
682240
5222590
198746
2161853
1823629
2264565
5747965
772821
4742924
53306
4411096
125545
2378159
697905
2980140
822745
1405577
2760320
2237735
364606
3150392
2766524
648656
2526514
2687347
2929046
376877
5795034
353133
797222
1811070
1887775
2270230
2036198
2169492
2031642
2819283
1467233
2344231
1878875
2829477
1358362
1415145
1876457
2665688
2752327
329054
2786137
1204947
173662
3126628
110625
9018
1736400
511375
2060902
2721631
4850782
577112
1404385
52916
395492
1487972
919725
1092351
569867
1473875
2488281
1214276
1164445
2583148
655238
807181
2968614
78448
295517
2683754
1918948
933525
2147812
195619
2049085
2703390
2581323
2747238
1078192
5495882
1933638
200041
587916
3332474
1972646
2656923
51906
4592235
2880096
1859389
5679797
4698620
1975463
975772
1768197
1329369
654340
734680
664627
2808363
2168568
1660110
5728601
3294842
1341065
1379582
703281
579649
521037
3741560
715882
2023407
258365
1943257
1705147
1746259
1119657
625669
126874
189251
3215415
761985
1149000
597531
2606619
5935405
2785320
2417862
55102
124506
1789716
2984803
2657590
2734168
1871546
499854
2579526
3597690
2830269
3216589
1229211
337183
782142
1774607
390331
2973395
2990216
2758338
1393940
379912
428879
2182096
977054
2545274
999278
1571338
2168294
1124832
2891498
354465
1785254
187531
548827
922284
1068642
251586
254019
1688676
150000
1370552
1555666
451785
4152831
1546013
2414142
955990
1869107
1904454
1710085
138463
1351060
89178
2197929
251222
1649981
30453
2638270
2953502
1502724
2115925
1899805
2067398
1673950
5071891
2732653
1971695
2676037
5456421
376265
2173448
1364608
1552589
1253403
2262734
5795505
2913345
1213871
873328
799621
1199388
3833164
2381128
2355655
2725755
2269743
1580893
2268165
562339
1750049
1847406
2925475
238688
915376
567695
2553648
6850
2363711
1553929
994116
957492
1853798
2174322
655270
209259
4564574
103417
771153
3135028
2786430
1047494
2532917
3564780
896165
2932105
3113659
1385341
2848774
457145
1783474
892204
2028781
2752949
2586296
49169
2342614
1425630
1636011
1690711
1261592
339223
5885113
157143
861105
1469806
5722840
816257
2007517
654918
2895225
1999121
611332
597549
1502817
1522089
273527
1290179
4678276
1986649
462649
2221875
1669378
2546689
2733714
1135470
570185
2402631
1239306
868099
1009717
219745
2355842
1915749
2504420
2867361
1257540
2648425
1437652
4328783
2911539
2441768
1834569
746770
152547
2896215
624539
1120182
789806
954185
2620803
2291184
2626013
278464
215291
328672
2450958
1417325
2883656
4863416
103074
1290400
3605972
2100001
549217
2427454
938007
5498928
575498
1973449
3466276
2246907
1439494
2976246
1746013
2546780
4273061
2766541
1202635
2014699
1673820
5687261
338336
2514058
2498631
602310
198982
2111059
5360615
1929544
348690
633215
2705289
2004490
5186132
2867127
2870007
2978950
1281000
1175187
1430225
2159759
3401640
1468764
771261
2608650
220107
530829
669333
2425657
435077
2316469
1056630
1536231
1972880
2861543
5217139
2098524
4963168
175480
742933
1870764
5135210
2361674
1423634
2745834
851343
1306605
734589
2563139
2621227
3356549
1971560
626872
2954474
776459
662830
915876
598774
709555
1179063
23637
2253688
1135211
2587217
278732
2657147
899218
815446
1676347
1017519
592406
2400844
1033506
245819
2043339
545762
38029
2145686
127372
2153523
748499
389728
2842753
1838818
2832271
2608921
2626399
190921
1635353
1511585
2835295
1025477
2443702
552421
941971
2953536
2895519
572357
5058021
712639
251486
1187112
2049187
1514299
1643910
186861
2293494
1479806
895562
325645
1837829
1151691
2821109
2054807
2313535
2866859
1933416
1558515
911958
2199044
2436881
4502340
2429422
632400
4049205
2095968
326935
1143282
93251
90761
3216951
534035
238045
902078
1717967
556630
2909459
157379
1704059
1476226
2417890
49383
1192839
1507450
1182571
418830
2500128
1270753
683842
598285
821873
2419626
1157970
5773991
2688561
2064067
182481
1876315
1627522
1877291
2560782
23643
1596082
2101378
783351
4342254
1422389
343057
2629268
2902158
1606723
752753
5673795
1851708
4566415
1928108
1340215
99660
3649616
1509828
745038
2589511
1697267
186938
230518
2404570
2898382
53945
211070
957953
244061
2945936
1316765
1135209
2109970
5096059
10393
1931220
1880048
1653882
1001520
1963885
2347198
2970342
106364
279358
691132
2207160
2023377
775933
1738325
567418
2961449
2943363
2895350
1243275
952439
1050549
1909864
2016651
2197060
2246966
2630496
1952318
2138463
5968211
1580573
2526644
1439672
2687818
1576568
1690085
535467
70646
2689988
667721
3471235
2976308
2527617
1596985
2570754
932619
1606184
1902618
2581321
3575292
4155708
836717
1538782
1775828
2034784
444272
1657020
1822087
255644
2909608
575134
2671733
1981302
240691
1609485
1867865
954955
2595435
146108
405200
541231
1160681
822992
2847903
2574997
1653281
1715380
2649608
39315
1699272
2125536
1812326
2015569
260747
3005841
1892364
1310375
2634769
2852426
2013759
2248556
327421
1251718
4892003
401502
448824
2211608
1183207
1894662
1239350
676318
1350278
1441942
2356858
844970
2776410
2228663
770169
690843
236224
1933024
18965
1831870
1008247
1335812
217778
1098607
264835
1484235
1035930
32423
1339115
2239829
697329
1662697
1709649
302081
2814122
2603335
2843837
852562
194624
1135708
579868
2274614
683972
2068273
2117878
170202
3890125
211293
335736
2155842
479836
206385
2107515
1835714
2268344
4157342
1101139
426656
1649736
4239593
1245801
616238
161022
564030
2774720
134634
3097932
1740298
1533537
2686959
2101332
1777774
427870
1592364
2263332
4297342
588026
905115
743917
931580
2160631
406502
2507412
2642582
1982004
635553
463307
1696024
2928054
1217837
1395450
71412
2864424
1315244
477143
2918235
403926
1164458
1090986
432911
556531
2239872
2904830
4703426
1486447
831931
542532
1763965
1508338
4687513
1482957
1213843
1750016
1813729
1827420
2077183
2714805
775796
374179
805162
2235244
1510339
1274045
348907
206201
1230674
372426
1669403
1671481
1752262
2888269
4642973
1758786
3269711
76456
1560230
583710
3316737
5702789
878671
2879679
1193590
3905582
188312
407818
630378
4595069
612124
329958
2598721
1071
1882534
3247782
1367040
1769469
3980784
2798179
1104157
30355
2815519
1738816
2683306
1368973
1897986
1450999
5848483
951097
1979124
1362132
1350443
1867628
505292
892782
5510692
3931283
2925613
2335484
81158
2107851
475814
2603513
1606917
2017299
2544647
1425591
752473
2745669
2410452
2913391
2643876
1830871
2565972
535015
358534
938882
2543003
110636
255253
14050
51809
1236865
777938
2400699
2462813
1224920
1820676
155050
1913923
1504594
677722
2183142
2036150
654675
766428
724241
1972671
1331840
2539829
746700
849931
1888924
853538
574017
2807481
652177
1317095
552485
1119800
5842105
1965176
1268090
186506
4117641
3032886
453758
1158958
1502997
1145346
2535646
335471
2985266
2726158
3755893
2938262
1421918
2923380
1909750
1592989
895254
1581058
1066927
1425349
1283228
2693359
1420401
54128
2048815
1571111
2294489
28755
1902884
1009507
2689122
1455034
2440692
2550265
2330544
1700306
3710765
447718
2794741
1460903
1253298
2127220
2504645
2417062
2520190
2599850
737718
942145
1577924
2418238
291692
829534
820799
1639742
1615679
2756959
932750
2569635
95993
1956732
2293077
127858
2530927
2266806
1112757
2555879
1484849
1576289
2741886
1568300
457923
3097545
642350
2803992
30331
2181206
1977815
24563
46816
4004509
2905962
176618
3589293
1527115
2761111
3594
2954198
1868610
1863105
1191644
2007841
5655458
2082294
2549022
1717965
839744
2124407
2351103
932471
573658
2596328
82370
1353531
565195
754019
1227793
2370361
2308533
2490698
280949
2716402
1502429
411001
2058630
1999528
2757943
2058179
2059125
2840170
2606400
2279428
1350786
2472053
848091
5939294
2056931
4392674
1162565
3721516
27061
4405690
2452580
2413847
1069275
809461
2949358
1257802
192062
1678395
820645
684663
569778
455470
2676301
284786
1765214
411825
927905
2695184
2670961
568216
1533429
1943176
69459
1720294
143271
4090392
31339
844718
2876764
183215
1897619
288323
253086
528453
217974
1376903
173510
3723790
521690
335248
1232635
1891019
2313295
2102017
681928
2528740
1102134
1392308
1617180
2485600
543339
2833598
880007
3228400
316434
538531
1121066
2138994
361665
1808603
1403499
804543
140788
83433
2209068
2600142
1634201
2605771
5162062
118563
2069497
674502
1199239
4257172
2291937
2232530
2583405
662373
4507425
2993665
885912
1960132
770463
2747411
948479
893669
1133857
2529289
3584154
997764
3879596
897926
937738
915655
2048458
823320
5584385
4411946
1885991
1157166
5450641
1904056
2635063
1661623
2018737
5645412
1599544
1664581
1395919
2227409
1120624
717851
4868215
1893547
2997309
2294546
2737126
3286568
1708719
1587275
1124192
1134126
2290412
3876472
1978590
5602086
3189487
2787792
4628491
2170441
475181
578878
2084317
2192720
1412002
3873762
4346
2795654
2981674
3010653
2534923
3465994
2965038
2711483
1803276
2203719
794482
1756580
94657
1035029
334384
2200149
2951384
1149813
1205825
2733340
1904542
2302285
1982414
2401834
1822105
116654
557493
3048933
1445634
663106
1705638
1254893
2794539
590286
2489020
554943
2207368
3907067
1087262
1421125
2298765
2462964
3061124
1450915
812560
556740
5025739
4672462
2615410
1627775
1262001
2442551
1772719
4311171
1840006
4836614
1021310
357661
228234
91590
2732464
2874273
2964537
2499225
984321
1595359
2309714
4851563
796594
2796731
1687189
1975744
858459
244129
4765260
51836
503375
134055
2878828
4818960
2026107
643549
4612074
4206978
2391937
2404613
407131
529976
2352096
1610044
515633
681814
1800894
2955383
1391052
2120855
57543
844549
1724600
3850868
1234631
928560
544777
5269077
1116080
1880613
3023566
1327216
2529494
2715866
2410265
2547087
2173658
4985153
1959914
1301490
1218764
1822155
84273
810975
767771
2304060
4879785
2688070
1978489
2190350
928337
2242145
2032270
2351962
2582286
2559176
1736276
1522305
222571
1795205
195610
313665
2893296
1526739
1988900
1052049
1993082
2869889
864130
497449
2485796
2366855
2154944
253153
2943656
1494
622314
2799262
2697966
568149
1425724
554324
2552998
1749649
171202
1831537
5947545
2831081
4830799
2432534
2835225
1270624
3776592
199033
2510305
2096681
2298243
1493555
1616166
1769155
2248831
341137
911751
1106306
725937
5801658
2914209
248898
2117920
371227
2933266
5398025
250039
372070
363769
2885103
1783094
3393367
655623
722682
603057
451900
1971231
122961
1720803
2488350
2874395
380925
1299795
567745
1621506
1320500
2765125
2733548
635874
1029674
2101041
1245510
2629591
156472
2337410
2497822
1397449
2374167
2901006
3485697
3113758
5581215
104601
2888978
1965570
4171150
2698300
1900386
1135900
1953863
549997
1266567
1588572
654627
325160
383241
1000247
2990605
1519566
1921185
2801854
1534813
2229726
4056640
2203384
1566356
2570757
2945039
441310
105817
1934832
2946847
1933763
1633812
627130
2325480
2769834
66255
2670890
2362838
1746265
3176073
283760
1999909
1802287
1805311
1522028
2884514
3255518
1716735
4454954
126188
188344
847304
1686602
1810019
2349477
214431
2338595
2867242
2222112
1677993
56925
2738404
1386640
2863792
2905501
1903343
2101707
332226
1332123
4896207
2720806
1159730
2942292
672362
2129776
2275361
2961027
1101228
774026
1640227
2886966
2195608
42792
2983909
2596189
1028783
2708106
259343
3812777
1854019
252732
1265551
3229410
2715349
150748
1170567
2526729
1016236
2966884
289420
2653093
419405
1624118
406883
122309
374467
2554869
1078054
33994
499929
914176
2353029
1058875
667024
2765039
119663
2503890
621525
2422905
1964582
1896297
2918484
1119092
5767940
580775
1750544
1720368
5204218
2705192
462863
2065923
202155
1263285
2937274
1532198
2819787
1180060
956698
1951371
67204
1654446
1823884
206758
1905884
69698
573493
2915792
2903027
2347579
2743986
435540
2107001
1542873
1020443
759290
3717224
801910
809554
578693
942368
1691793
2876833
6903
2961000
2618377
5272016
347101
399822
277804
128919
1524739
1808331
710945
451883
2791007
15467
1333942
2207029
2490886
2863605
1884432
1627700
3058323
1902103
2845607
1359322
241708
1239289
1449159
681030
283882
380670
590338
2906276
141219
2819909
1384152
191287
2993333
2491014
2591830
1256835
1523456
1365731
2500898
1639030
808205
865906
1263762
1585042
1570294
1671979
1205480
822555
1940463
1688529
1965529
2579276
1670854
1052095
908054
1484428
2466212
1150945
736226
8116
1542102
1606490
1413755
536491
1780912
1640267
2012892
1351088
1752863
2903805
933631
1104556
2532093
5733075
1960519
2945326
997906
1524323
455268
2147160
46098
2546625
828078
1974048
2903456
1470284
625196
76457
1985216
403419
153249
2610414
1373420
3148314
2156719
4885613
1259089
1740677
2605780
54084
2787278
4659419
4056139
649034
880865
952723
1824045
1439060
1028990
1679344
443722
402970
1077128
1071343
2464631
1814950
81112
1065256
1119150
2119653
1439952
1660144
1046703
558833
2795783
41356
2225363
766757
3960509
2984738
3056943
168210
2921639
2060898
147505
763988
2793806
1115582
2037780
1412372
930845
658818
1271455
2121323
480765
1533538
1043075
1529555
2523977
1972258
2885003
120363
4681163
2812898
2958535
29330
1626389
972727
5816632
1448931
201731
3747781
2695176
1833841
689320
1119881
5062650
169323
1109589
3826474
2494749
263562
1236385
2203026
5035161
63526
127035
710536
1986246
270481
4369169
1014581
810824
2485440
1566045
1497319
1516161
1170284
2228995
4475939
510234
956045
1870688
1351899
3491487
2531015
1382600
2153540
2768393
1465804
3475878
492441
750431
2095063
2864986
1390448
1160375
2104756
903406
2427606
235369
178916
2310695
2981078
4267150
777734
4392458
864421
1750579
1335620
1507099
1097267
851522
3502654
2559679
1411615
2355735
88444
110993
1438570
1663503
1431372
1310091
476576
5062802
1833654
2853932
123093
444739
1678985
1787628
2473997
2098745
2774694
1572736
2702474
928952
383333
2348867
2138718
454276
2045726
3862184
197490
1058987
5013684
1203019
1948646
2999769
1447949
1911352
2244552
666327
2690023
234121
1953706
159682
2567685
310147
654317
2624302
4150741
32599
2879874
1103159
5091448
2463654
192380
249724
950593
344705
438012
782425
240722
4789280
1411153
97369
245022
1096704
1228540
777248
873805
2006138
633631
595327
2965960
2628813
4593413
1009691
1303312
2504416
2102853
1451305
1735344
1103234
2215965
1013854
1251826
309923
2647891
1650434
326987
1319553
4078571
259122
2708403
354959
317526
1846897
914074
1984432
145822
379664
38627
2561503
1130687
2451644
2389263
1250012
261815
1930377
1946076
1674723
1441633
1979883
160292
2312307
411147
2271065
1061033
2191852
1113130
4243745
1436189
2642216
1231614
960002
1760906
3856160
548718
5210910
3483922
2816474
2443914
1908520
5239967
1060221
2193324
2481342
2469123
1909412
2263118
709302
791037
1806505
2853958
2367707
4627362
1760683
1366782
2033882
4070366
2729524
133883
5525013
2135990
145586
1992074
1402453
116695
1329223
1095800
1338737
2073753
1247703
1527447
2898233
2611795
1051670
2595508
4840716
2933294
2343851
1128437
1325562
2640578
503744
1379523
3378307
3711550
2897685
5436389
2476563
712702
2207794
178509
291900
1601787
5368720
2287777
2140591
1147868
2708613
2448879
2332757
385008
607647
1191733
920349
1235755
4908771
3665168
1264725
2009643
2651637
1106183
1306397
291415
1916451
4011158
1901922
2725517
2822382
967014
116061
2023304
1278508
2338839
1153548
557986
2134465
1050010
2363572
2450637
2181486
2908367
131067
1573458
3077554
1674178
2042925
672047
2647083
1664700
2320314
473444
1704693
3440118
5513477
551880
1076575
2677442
1129732
923360
4278854
1394600
201724
553410
1058719
39450
2837883
1201485
4052481
2682583
3412810
2710116
4605774
131908
3242626
62273
2595615
629734
369703
2291166
2667590
2200313
3231983
2808155
2692960
2025211
1097044
5896339
904227
919672
3880397
1508223
1182394
30265
1341135
2264702
2490715
1535202
1508415
739129
2822976
5117273
2889542
1336472
1972079
2734284
407904
3347171
1832958
4141185
1188893
408252
981482
575714
504085
1205593
1731314
172908
1575427
2742713
1081543
2861215
594292
810360
99975
1985958
688893
790456
2395904
105390
1612130
1275417
1158232
2588146
149556
2499854
2967487
432379
1193712
2789920
820609
2698644
875396
4444313
1418432
3295543
150792
1947691
3233293
1231005
2620141
316759
2130821
1816745
82513
681008
2739671
1421537
705599
375916
2475969
1665936
2609291
951102
2755961
1727895
579214
3575577
1708437
1976885
4929226
2770107
2911383
1882233
2811631
2864692
2771406
1584884
137532
1704166
2554464
998709
3894136
2758622
1036368
638937
1414699
427114
2849812
986562
771596
1631564
202421
1823755
2743194
151401
2839460
1512066
1998336
2928804
135869
491499
1900899
1749973
4878491
4707988
3592302
823035
2831033
2950633
2001209
2485095
1942583
1250050
1607806
548292
1099662
2559684
2645162
1752435
3076154
949947
199215
2303399
1760145
2521228
435565
925251
4568187
1811083
2983216
2291373
1922767
1015519
315313
91916
2328829
117123
1239753
1662737
5603977
2172848
2435470
2706192
2187833
282757
2260625
1568958
4399159
2148468
1179545
1004269
1456131
1626439
2593949
3484677
2062963
1590605
72453
2238155
1958697
3943147
2067199
5320333
876082
912355
120086
1957973
664739
2570532
437065
974290
2793709
1613382
2016057
3647053
1809987
244696
285906
2100972
1496293
1507087
1930616
412367
1548671
185331
2832785
753605
2695362
5263591
1985027
2452858
4658730
1130575
2392180
1008864
1375915
2751911
4632968
2310816
2658290
482092
748722
896952
1262028
5045686
1714880
2912210
984809
2321199
635685
2542953
2541224
1716017
1458696
197627
2290436
2089777
1709381
43872
1454217
2426494
3705110
265564
2280861
1520026
2667986
638358
2890548
2647152
5570260
655403
1754977
166357
2069137
1584105
1830708
1004693
5344338
470199
1187070
2560876
2362675
1717690
329860
2740226
1403835
2676953
1370440
2765674
346075
63474
2963980
2478038
703172
1222611
2169544
2848199
2177609
5378306
1292251
2348035
583908
1794326
1446834
1043417
2269732
2630161
2153994
2833250
25055
1280160
645576
1766885
883822
2629086
631532
742367
2141314
1853614
469796
360168
2296402
1130583
990406
2337959
560678
2922583
4697449
353513
5674760
1403800
1832865
457623
2995610
1454189
1591047
1152068
846470
1874162
4999751
687046
2909941
1621472
2425422
2103559
2608045
2572583
3500452
709057
1167470
1459144
2272807
2356594
131067
2175392
2557039
1333593
1630392
549285
1133463
1048664
2292752
2858116
1408401
3953899
1015398
3265957
3959671
1110742
163417
438655
690718
350440
2489251
1245108
696332
923268
769580
1389927
1236344
1178286
1886315
512393
2304133
2027443
222187
1408457
2085193
2018449
2748996
333613
901017
4797079
716948
4879808
358470
17371
1425612
2355475
2037879
1328458
484089
548006
2996487
2678461
2041724
2966930
326317
619055
2266884
2788618
285585
2691702
180133
1469884
154408
2600546
668655
1681311
1761518
2379915
2589123
2857348
2822399
1277078
1823457
155234
2233929
1828556
2819024
312652
1111811
1753118
2661386
1385159
1061511
2803538
462070
2792330
1023181
4964010
2069643
1066890
1574679
1933586
2178658
2328606
995123
4935
2451673
2622164
151740
1524654
1634505
2812511
648923
534306
2786989
1136376
1841790
16244
5352413
2492508
219191
714524
958753
2969975
1320865
219619
250052
2763697
2393106
451737
495544
1189573
2872595
5816692
561396
857521
279291
3252961
1243530
1708167
678249
2189898
222347
2706353
361067
78449
1530890
1696493
478210
3764024
2690148
1905698
2253617
2306312
1182050
2654564
2542539
226317
1605910
1013232
2424382
379398
1515879
2302899
2004389
960227
227050
3263380
995934
812135
163991
1080218
2136953
5867829
2410372
439620
22100
1741041
1841665
2485458
1895269
2995729
2235189
1070283
1911944
962507
1491212
4830935
2913876
5112162
1581176
436969
2720280
635354
746242
2935120
4576819
2658927
2831813
1640862
1889690
2033714
1516000
5245721
1025864
387756
5166375
2850124
2400589
2730781
5322682
523918
2249205
1301062
1525318
2299098
1858747
436480
4317238
2002920
2585354
1672253
836933
2932365
193017
2515144
4711517
228297
1884154
1774222
342898
2424978
1166088
2770261
2851434
230984
2098713
1009757
4058890
2173229
1768247
1021897
1662040
1958079
1045854
3275846
2045945
155233
1906222
712977
3721636
2352373
2548744
2388204
337540
1422752
385288
2536592
2039454
636440
1694080
5438739
1258220
526877
364466
1526586
2403140
2809035
1442985
213667
484466
1122096
1585882
2475327
1309642
2405322
51019
1500247
258580
2036373
1285715
729714
2756081
1144451
1972180
1075748
2815901
1214515
2875669
1124632
454730
1680613
1297542
58189
1241174
1345194
2162731
817702
2644148
166444
1754017
1163798
1637645
2334883
2630325
1582167
1209804
2243506
1637386
5879047
1198588
901767
2448974
5153975
846329
2485593
401599
2729667
885984
5609027
2349821
2826944
962513
5261115
302172
3562914
2268613
1255441
5332416
2884610
2352235
2560628
3500569
2203755
3679890
947055
5801174
2017834
621784
2742041
1681062
207397
2289537
2266827
2073236
1976817
2349613
1971945
2579898
2950695
2276860
473565
706913
352599
2903656
281096
102467
2601375
1255517
253117
4478543
2265600
579885
2812704
2485452
1469422
4839664
364834
2331105
1030076
878706
603879
3837209
1704089
2884003
1121591
2376009
2329529
155197
2993972
331962
1747164
1183986
1049804
1015432
777065
592652
281434
448239
479244
4550389
911915
3700346
2424636
312018
2145651
1604134
2107136
1494502
1059843
3872771
1341839
2063448
343167
867975
936360
2786280
1964858
921792
1012443
326111
1067930
2128986
149157
606251
5137002
1755601
1155423
773769
286184
5543268
621918
1087607
891236
2936123
2172560
2144214
1843986
1534719
602482
1255319
1912285
743685
2823027
812358
2533144
2457285
2345335
1232323
2603306
2150289
169038
3985159
1682240
2175878
2554982
1016093
968663
1273160
66146
1337227
2260912
706972
1735840
455371
2729757
812860
2236130
1530165
719146
424383
759805
2627938
2975787
5744453
1639683
1877923
451976
1387527
1425041
1020427
1290559
2898816
534750
1865037
316432
169994
2764009
1130004
2203301
1423622
855979
1342580
1528349
321154
365239
2754747
1778251
2360257
1469607
3128131
2910488
2288685
589667
2751408
983456
3928405
953829
1191456
271698
1632154
1099885
2773457
1194744
939817
708344
232240
1780174
1941313
45200
70943
1767825
1461949
2875242
1960118
2761755
1388177
2745915
69512
2488144
2206819
2736477
2005472
2112971
2901764
577045
465765
528215
1773459
2957689
634116
659676
1483012
1355124
2935086
3515243
5710413
2205347
283895
5198186
2378585
1685352
953633
1713555
3830047
2022019
1155551
4627192
233167
2227764
275499
944116
2328125
2372539
1713970
1088390
2090065
1866444
784513
1231614
1233543
2810895
2565827
2488819
1633971
330072
817259
2519805
2939436
1392024
1865556
1916642
1606346
1171436
684220
1611531
1060842
1829506
2821507
975867
5342480
4355194
1956841
2077130
293975
499660
896779
2572413
1440177
3075545
1140389
