676982
1708693
1330828
2293803
1794379
545665
1993616
2473020
5335074
2375790
709576
258330
1954685
2398481
722979
1286867
656885
849724
2201458
250237
2796410
1248273
641147
570203
795636
1706279
5360536
2089510
321753
2466463
260652
27944
4158683
2669384
2407276
481998
3441983
1954745
468260
1976980
595430
100850
2403267
203690
3959092
121582
903329
159802
2271390
2995105
2840065
1471156
710088
871570
1653373
2410870
20147
1411320
2101099
1372111
2010160
1347540
1457684
2319125
803147
2199232
2758358
5554051
210618
2363012
885309
282670
4967104
3968101
2091288
904355
1084104
1088613
565034
1493014
750855
2845854
2338962
116435
2370262
2489210
2551036
1881069
2557086
234364
5218938
5164311
2254307
415875
1011839
2440697
1371557
2170538
412225
2775746
2616234
2869718
5753723
58235
1086801
2230706
870125
2020940
1654800
140234
920306
539536
1056749
4225797
564792
2275839
752007
1267938
2501466
61913
507553
2346269
2235988
1119823
2746805
464400
1692174
2672123
1368440
2864950
1139388
2218330
5422886
1004043
1843840
560281
1169537
2731969
854732
2206757
293735
510919
938226
12425
2929555
1259354
1670340
1100780
543313
682815
2588867
22222
1811052
5825508
145791
1024601
84978
13379
935352
1020059
1684904
525857
4427861
3997044
2046213
2437956
4755715
313246
1994449
691260
1912549
390115
769024
2860152
507170
2231719
474409
2783967
747205
2274143
1705632
195084
2108578
728277
1786566
1571348
1673818
643558
5602527
2590332
130595
2327527
2936644
4992271
1464450
2748971
5168876
2713318
611554
1690780
2643149
921871
974779
1996250
2153325
1060216
818128
5679604
2260923
1516883
1153898
193243
706264
26077
2125837
2549371
2354277
2314657
1793514
126691
2142667
934292
3342364
732660
2539014
3119701
637959
3679367
3189689
5020296
2815515
2832170
2521386
1731913
2881710
2068126
2535919
732814
1717095
1088975
4526971
2971990
773836
2969083
837842
96305
2364378
2777515
724249
913922
2254974
73881
5154814
1110700
2050230
2511301
1862126
1864622
5844847
2624684
3045884
486030
2328840
2749008
183758
2527107
1213090
2761261
4053695
1979475
2386072
2001121
1715191
1097592
459900
2549496
2185973
4839443
2562267
2118369
482504
279035
1967210
1968838
2067039
1659574
1739536
5827978
1217986
1313939
5208350
2855037
2590466
1347467
2197426
1894536
835377
1473522
1180754
501265
2319385
1787375
1669138
5896997
3360039
2072047
1102013
1221103
1233551
1638690
686638
93135
1771328
870577
1411067
1169575
1890376
5640155
2220396
2021597
1048565
1708197
282363
2404713
21716
1230963
1405637
1501757
1516287
279052
2037863
1222676
2699982
2882496
2937647
1387372
2218163
1229771
1611398
699501
1001730
226106
1306685
2233675
398491
535795
812284
1150261
1998979
160670
2709629
726698
2842395
57251
2268224
200321
1642018
2439038
671724
3274567
84932
654624
2945480
499458
13124
1281801
391498
57284
721618
287346
1506954
2564616
3361043
5291551
2291354
5050768
642250
5400383
930123
262393
1904672
1407256
924120
2023443
2724313
1871050
2148216
1032730
2170508
2402774
5358620
1965610
1445247
2989702
4985109
399576
2102765
541524
1098337
1147664
1338518
2094170
811071
1209510
667647
99167
5684643
3723400
2073023
1169392
1111877
1045334
1339983
3970254
1224873
714100
1657619
2302708
816651
2468950
2828894
1073902
1984384
2322029
1402866
1131173
1164993
33757
2754438
3366697
835933
4055366
58926
837117
2771766
5659264
2036159
1672829
1895306
720579
2837559
1625632
961203
2583905
2655694
4639947
152880
1905879
2161881
239984
2541952
783487
1892502
4596170
334912
2215776
54616
379585
1988162
4476550
2968161
667821
2833672
2310622
262172
1939717
4996169
522868
2291548
2370352
1781191
968019
1125812
5404159
2213276
816356
346060
3010111
1233708
2387897
5326559
2515500
1471771
1112778
689148
1924962
503851
892771
2439897
494966
1791392
1538266
1074116
1440611
2039426
2942246
298008
479942
602273
1464443
2370971
1021292
1936860
1917631
1172726
1454539
1788210
1357249
2169374
803291
2419264
1268349
936712
2585225
2141185
105257
85984
1083289
2185287
3439051
2604081
1336051
1359812
2306733
404620
1695992
464078
699089
372681
87775
2724503
667152
1378180
170279
733354
2687125
1118777
1731424
831844
2857520
2203786
2150050
1200837
2289399
113893
2567783
1737554
1357720
197721
165254
1254907
1634292
2033843
1743631
1527040
1300299
264561
47594
313348
1307921
2733863
905593
538579
845300
637201
1263193
266843
887376
1361750
2034113
1708817
485482
4212561
2843687
952004
4702079
2125306
988342
1415528
2723242
2236425
554081
1552318
713917
54561
4583136
2503002
716852
149421
201614
2855617
672164
2826398
299964
1042218
1325427
2103658
2167458
1628671
2888396
1991334
2983450
1166126
1579565
2985893
2290513
1716744
2140337
1860015
63558
361461
986380
690033
189463
165623
2723871
2674196
2648945
340529
2683678
1014815
87658
2388060
1163442
2880074
2187246
583702
2279843
2378254
1513504
1385199
606270
2548154
1765061
2586101
154710
2239571
1454755
296114
1009556
3542428
1940576
5911515
3930111
2081415
1017347
1789325
2784223
2060811
1249685
1640648
5884041
1929139
1747949
1717231
2688963
2084791
545085
1532125
2576963
1397953
2597401
1322394
773022
1250230
2330239
1253486
30176
385278
2195779
1374464
913673
1463973
2876616
2008105
1950627
1060887
4046333
171686
2473339
2565761
1995880
522361
1842187
2236466
1576730
1340259
2593925
1822740
964526
291467
117546
2067003
2448082
432666
2875879
1596152
5668369
336376
1589924
3935546
2644818
1798553
2975003
5204968
1137245
872171
2294843
283958
925649
594577
836472
2506390
1069006
2848216
3030655
2326201
347454
4777592
2679433
2983860
819774
2517323
1391514
469313
1783894
1329328
1722569
3920516
196794
892648
3789266
67973
441148
2873211
1985757
1308029
466004
1374633
1636942
3709874
1913349
2093444
2530645
2188562
4587513
875793
830818
1927177
551537
1216014
2485242
4976683
2979598
2435067
2002367
1683652
4432515
1312539
817639
1947464
1224665
224821
2231751
3424354
974505
5927091
2890863
645370
2418729
1135871
566980
2982756
672447
4239656
2426113
585004
247643
714632
5929225
2986559
1367068
1108111
62366
2649025
2149311
2556879
949714
101164
711216
217678
676365
532516
3054941
1778705
1517034
1907810
1183611
1049031
2310338
1281360
5017454
1022955
2234947
376992
713449
4451842
2383923
4987664
2254319
5479967
2130698
381776
480414
240809
529421
2919748
450492
921613
2044001
1426058
1166269
2014099
2761346
1557182
1745456
2528634
1643308
359888
809643
1267
234946
494789
1104245
1118368
307583
1648001
775830
262633
1516744
3566013
506247
1845320
467025
3808379
755073
1816923
257716
2392736
2874290
706215
1670970
2391265
1645192
413636
1797605
311292
2618901
2304355
1885190
1773928
2540296
5355011
377245
626384
848648
601915
650884
2896226
1285711
1191895
1887447
200017
2060612
1500802
2077395
2739361
1319692
1160789
602834
1165170
1100876
1012155
1760135
2622114
920177
4706
1830123
765628
800064
2049027
1123425
1934502
1878797
1383735
662756
1537962
1481631
2439096
1829874
2608555
416483
2021302
1460568
2280566
2913358
653859
2726744
845095
85200
1186005
951067
648645
2339485
1490404
1601612
2031254
1702953
2014176
1746077
2817316
1815135
648140
281325
3873992
1607109
1409086
2464448
5761576
726966
884126
1305166
1675638
514903
137072
776944
670074
2980816
131023
4389721
45028
947919
1016403
415062
2113765
38746
2537395
593745
2631274
1483185
3021798
2494430
2065480
252414
2448973
486549
2294218
1864486
1801239
1667661
1592335
2581128
786611
3676798
2398718
290858
5929072
2884178
1048785
144890
61606
2006325
1091064
2560277
2586708
361149
2544088
2747139
4653960
2663900
2071619
224785
1685413
1287258
426718
2628962
2602321
734990
963258
5164297
952479
4848145
2671333
1742248
2583983
1202370
4268957
450911
1952220
862259
2573410
1477500
3211096
1453021
758366
2732976
1380531
1722737
2017948
5653476
486743
2177880
1996072
561104
392850
1359978
1254077
1720068
359554
63017
2352257
2389002
1404573
2077417
4153409
940610
1104813
1926134
2552741
685336
2894949
2639585
2310144
1003352
1789345
2628487
4608529
868625
3204941
1852431
3722404
159417
4890895
776848
1322500
763599
2602530
3030192
2564059
547147
1701935
2871541
2098075
2235506
609262
5411141
1995511
1387767
1664798
2795128
5131181
1955220
1840300
1898756
1041156
450508
1866904
2252301
1689223
2101332
1022574
2822468
731718
4052050
2727894
509697
2077600
5211285
2882360
5941416
20070
505320
3580993
2548373
1236009
1291018
2102221
2947446
678277
1159259
2287253
2570547
679731
285254
2330712
2638424
475759
211283
327513
5111991
1021347
1771711
4114962
1087729
1266582
313065
1280961
5445158
1823757
1184138
2013896
2194892
623516
1168873
4061835
1181183
1013841
4530308
2195612
1324423
4115399
3849517
2434715
2640774
2777744
2013225
2089396
814323
1485785
4744008
5885065
617887
5867573
442483
963940
2861714
479695
4386213
231841
142733
576906
1157932
1429356
2717330
2999986
1610627
515499
1059246
2349028
703763
2315489
2005912
1057380
4286999
525543
2976705
1488630
541782
1439705
5229712
931766
1944980
1095197
1543025
5596
4086491
573803
2911653
1564744
2010943
2882382
2515594
1258282
1177711
2152286
2454530
2189995
2441004
2026048
2969706
2488897
62863
970120
440421
1814354
1100603
2212745
2590936
608413
206218
4816812
376720
3116606
289024
559746
2870931
2963337
469376
1826979
1669035
2685694
2452498
2738232
2291982
119154
5058544
1302456
1659861
2677600
76943
5352604
875366
1894529
493616
2062513
289881
1367849
203967
34877
1906256
2136272
1027519
2658285
1795823
3887613
5863948
1138047
1556396
1570782
73855
1512489
1101506
494134
4428678
910188
1875787
1772854
2879047
508568
2668500
1350404
545607
2104559
3192913
1281870
1707000
3413198
2795939
2263920
1644293
1705073
1844548
12930
1652037
840173
2183378
5911614
2582253
2689452
1472294
109975
208218
1217054
1841045
2302604
769352
703961
2764414
1140826
2225183
910262
2504838
109521
360624
2026284
2481275
1988656
968834
3865630
1028628
1024656
2863594
363407
1564399
398512
4145813
2373835
138140
1968480
1695331
2547975
2376701
208606
3369635
375565
2857589
818136
494968
1222348
1801831
2488621
1472439
2196639
2289982
1929432
1397226
725023
376027
1838635
2081792
1409107
880343
260422
1996378
2829937
166834
4908242
1936334
2499447
794133
1697857
2679114
1236951
2900316
1474865
2758517
1902022
542650
2696701
1496740
2160144
2760000
1472001
1207997
2048070
725163
745984
125468
1820253
503489
1934502
538589
1245960
218148
2712367
2801538
2834649
2780470
1254548
1592177
65541
2573107
1072610
1307245
598706
684756
1685000
2453734
2653933
5297676
1896358
1126203
668857
469819
2866718
232775
1843474
1082568
2440511
1369018
1269565
2434052
1747259
1494152
84381
2747511
765907
2902282
267114
779357
623585
224048
1096998
4383145
1393445
1929314
83387
3572731
899614
296257
2100560
440390
146374
2560534
108461
2334704
457098
3911300
8751
712146
11224
1616774
2501160
383684
389451
619195
1019878
4743552
371374
131173
179704
2038581
5769115
4389159
2182132
2433532
1804186
3810758
2251226
1267072
983066
2354638
2575821
5268473
2742288
1602264
2065767
2613439
546411
1249653
106451
584432
2064298
1062728
2994699
2826953
2377739
75799
2153876
542284
2227439
7564
1240258
2558413
141484
781231
1924635
169925
1245888
2380776
119571
189358
1942482
1430143
1086237
2473123
1918925
1744421
2623100
630605
1687011
1280425
2815750
1056486
808868
1892448
1287755
1020275
2476570
2401760
2324950
931977
236014
1758041
144284
2298937
89486
2474981
2634232
1039211
2071196
1406605
544717
1775714
967297
1742354
1982282
3177332
4168011
1778892
1903086
897565
1111593
3525483
1700758
1603337
2390128
1630665
4987226
1303362
674586
4790285
1266077
4238585
1585392
1267217
99231
1625472
1185907
1029220
2229594
21174
80266
698355
65945
2924856
4706974
2970926
973790
2914825
3634930
757986
2307283
895031
1725104
2264351
1330202
2295190
700388
5165714
1732757
582525
653439
637235
1247834
516676
2606526
1732805
2915522
965482
1072948
62944
762401
1753752
871496
2057097
138710
2895944
4812460
4990215
2308954
1785554
240671
1716223
5783396
2677473
1306099
5226611
1857964
1147390
1766005
343498
3578838
2876276
530894
176882
385353
2702561
2490225
249805
2531987
874761
2954335
2434681
97218
5418625
1938187
208205
895622
1884217
1349729
620299
1016748
1085576
2902209
1708944
2867257
1080717
2830719
1702438
231927
2330314
100616
2429421
2002467
2445654
1181138
489071
2747011
2631871
1380623
922801
12137
5709391
2296915
630574
4169795
2378005
2417466
38064
2954919
157819
1646307
2075453
710313
742915
1569139
1949513
1458429
778793
1086936
133981
2317384
3855856
1433336
840124
1891477
3433278
1491920
1629579
1246545
539260
830694
568928
1385654
2773690
1013936
2240072
3528563
868712
613339
1158065
1500660
1889998
63893
1550176
5244286
2378878
50446
389370
2833391
263468
2815232
1454002
256073
2628703
2913371
1299323
2526487
4130494
1631349
869033
1470733
619164
418946
2294966
1661357
953801
2440208
1273509
63696
2697024
2118942
541921
2452242
1671777
2182643
2775165
3854886
1901528
1860284
4885569
2448135
2198629
2584957
490800
1225857
2009499
799316
1192434
2776811
207763
232049
1997494
1451796
2629918
1392634
1496614
1545076
42759
294181
2843300
1582419
891202
33774
5843957
975079
1223769
2156053
1260795
2760774
2375979
1018100
596835
416663
548
74616
1303949
842473
685867
2351748
578431
2403417
572573
5110555
1333107
788059
1774568
1460084
611910
1619316
514688
175266
1578242
5343115
853032
2559807
1763404
2159064
173126
1199933
6955
2088451
2978632
586321
1939805
1938744
1274033
132695
1639996
1775572
2966791
52886
1678319
3497275
4697364
2477599
3633585
2130681
870524
2990933
2460680
1280249
5096214
3500039
2318929
1684643
2102162
715038
1805506
1093093
1428144
1352347
4768255
1136657
2895735
2588719
1318293
585550
474767
190088
1604368
83707
2176115
1375879
2987816
44492
217889
781839
2825318
1705948
2694814
922110
1230034
5210805
2465293
1515990
107216
994082
166283
1690089
2698697
2744160
177396
1213399
2802204
1541438
1695395
1569495
2201366
2762239
661900
1046621
2079214
2713880
2245529
819011
1688703
684238
1242675
2389059
427010
1751152
836085
1386687
2290154
1875780
5559223
3061845
2046875
2248808
771228
463702
1916442
2338064
1333411
114921
115110
2476634
393868
863102
113810
2622467
1317145
1072554
5982842
3229031
197586
933459
4012364
2836067
4488271
494906
1496249
1958202
590013
24698
2659449
807776
2440826
399371
2105243
660275
322818
1111563
535942
832480
1676317
2662114
2639648
2376980
2395345
1769230
61786
5703583
2178944
226082
62374
1930257
704743
1360036
1420000
566339
2494068
2243981
1802315
813969
1989740
1751172
556621
2488354
961866
619301
3918603
151783
1735345
2991321
1675711
565788
607905
586990
2328651
2752375
516784
114525
861605
2274495
2394803
2355036
5712955
1818743
131495
2738709
1386170
2611715
5293599
1203075
2531545
3251915
179181
4794188
2274014
1095112
1428722
1898483
606511
1692660
2900725
1292005
2714519
2548429
911339
1634743
215940
2977902
2400245
2198201
193842
46754
1881716
1661730
2150296
2391142
2410876
160923
144298
1775027
2653575
602722
407472
498325
2736426
2366237
2772665
1420728
356739
719765
2624377
1031585
2525747
227997
2323105
524520
2814118
2371622
280022
1792117
929924
2924028
2896688
312740
275939
1809352
779205
72364
554584
695642
3774385
751779
791936
446299
2691711
1635900
2170909
905313
426658
327551
96562
5030488
1037810
506090
2622723
2492370
1899098
2584404
2253815
3003473
230132
1150818
1952008
603096
2412788
2754683
2113354
168240
1001088
1061844
114946
2261228
1474433
2931400
499565
816419
1125518
334730
1153404
635135
1527866
821788
4734838
2980269
2077238
1886848
2993403
1691871
2097473
2627159
1757783
4166798
1166269
2020267
1177413
1283057
2297383
5172561
681130
2204614
1350559
1562707
3611460
2197054
2313102
63365
809426
1260080
4472602
623184
2069732
411532
1539309
76383
1541734
1729249
2147604
1329717
323119
2743310
1409688
1347409
579716
62320
1554231
213907
1139586
1653283
2186260
3755757
2313649
1702493
2487607
1586364
3282831
2873193
1374564
2724586
2548164
191311
847064
2733609
2727862
1573945
1824623
2352203
2068274
12209
2202376
1288079
174111
5472638
2471762
2668147
5696287
2254978
465347
1897709
626222
295407
2664468
1488453
1796302
2219728
3872563
492554
3639948
2774186
845360
1834821
5729390
2080167
643008
152166
923514
2090998
2273551
2981810
2328710
2316024
1131218
1050849
2140294
51342
1783716
2723131
2481840
608457
4696048
994754
4963028
95316
369805
187227
836156
2329248
1984155
1426573
2011728
2866996
1910470
825028
238153
2141681
1454293
2835748
2615170
5161299
118365
4281705
2232708
2072129
283808
691625
361905
5900785
1009198
133856
879497
4530186
1481891
150861
2430344
2484310
2501375
825730
2876773
351022
934316
1982507
534420
1393358
1917310
1698961
2803711
2409176
2728498
1782382
402220
860541
2808500
536645
5663047
872513
2246465
1324175
1599691
2217645
1020154
2577728
814067
2820962
635224
671099
2294386
923636
1522834
2056926
1388203
1555094
998371
627278
2134192
2064255
1901118
308443
2756877
248782
5103505
1876241
2832390
314048
1292522
222569
2249654
1561758
1892127
928980
300626
1964749
693820
2485153
720508
1619650
464146
1246255
2012064
1801006
1524686
2177512
2744234
1361956
2405551
2609511
4104275
2265570
633730
790939
373925
2993409
2006462
242697
350487
864428
1921176
659018
497939
861834
1518463
1501169
938762
1698762
2030645
803682
1286777
1811404
2977711
99588
2985084
1238796
3133137
907528
55719
2686488
799829
2279345
6963
2615808
75105
1217153
619827
88618
141143
2772961
824929
712739
2620635
1279307
2455665
2549934
645193
2324588
1589685
219052
2107406
2956733
2329644
1998300
2353215
155756
1770151
684850
2548216
1720240
1168853
2352928
2947869
718575
2066731
1440182
2741295
1384814
2842486
2880013
1165529
138355
776351
148639
5121361
601841
2028805
61603
3052067
5673231
2740794
394870
2047555
2405731
1354578
1642954
2008802
814123
1785708
2421832
909095
1303073
1455133
1383024
2089690
1288938
2910272
1438748
2852557
2977848
2503603
2914457
3447599
5901903
2517946
2069081
2802825
461968
2951637
220411
3175567
1706275
2811283
1971901
1978587
2531149
2643716
1100483
1415234
1248511
1074694
2238196
3156870
2528715
1463229
713073
1410159
2262236
1525577
706357
1974728
2970103
669756
1864145
2364341
1095010
1146275
378265
539574
1105877
2631154
2886051
468561
2997889
2834435
2617566
1025418
2818985
3677230
427081
158120
591383
319579
1202788
2913062
2618777
1910103
2729657
1446344
1169114
2928160
190073
2112843
2066744
4941537
2953345
2984585
5374756
1233126
1246877
1909265
2144585
2269764
1692569
477145
1580284
1996346
1207092
869993
3550226
1299886
1742200
1942594
1569973
1633152
1706996
1544488
432953
967467
296605
719989
2225558
2002009
422370
60904
5412537
931198
2553431
2494509
2244246
178703
4577720
2498287
2763513
524585
2022409
209220
188590
1303534
1273881
2830088
3332975
600799
2076807
2915631
1156843
620916
3059652
1611833
2190428
2190714
4123064
2863761
1132248
349361
2557501
2955606
2702652
156673
2822747
192389
2242512
1224027
1899836
3778425
1997612
2042251
1213497
3630575
616808
1213053
988413
1025457
2139165
466898
1434340
594299
156691
5576158
920931
198403
1392466
729782
2164050
1646729
1831692
2320538
328345
2130482
2909702
2978734
1409451
2485024
729482
2073407
605154
924124
1654077
462125
1187705
876715
1979270
801444
1254137
2097515
121324
605324
1594974
1694767
2008739
4938556
994243
890346
2005461
2039875
2936829
1684345
2756210
3638750
2045855
4536725
907670
1668307
2771888
1306051
1212760
2362433
901040
2572713
40419
5775537
2405323
2392638
454149
521011
440379
592464
2371323
1794183
1853890
470649
3708745
2181117
1346834
2544815
366196
2148874
1435260
1326633
2734478
1859825
609138
1969351
1897850
2470757
1671215
658189
897369
2678610
5662921
2254254
121114
2839339
5623736
2327303
3700418
2605401
775791
915867
1947683
1859434
1394534
816810
2272510
822695
3549439
2578507
607957
1459074
1444123
445665
1175444
2794233
222588
3564473
1216515
1102130
413225
2129560
2879273
1294209
1709471
2333570
960897
1584016
453604
2996874
429327
1269687
1585322
370151
1463625
1624228
2592178
1800993
2302626
1633754
644148
1451298
2269303
2350043
1470147
2780532
1550027
1073760
309685
1756935
2827007
1973353
1663277
867885
2035801
2860465
2680331
818729
978583
188302
2643019
2264652
1524557
355506
2534648
1340517
4188018
1689537
2683598
2107460
1055238
1861909
444295
2745448
2647936
2100102
1613964
4981242
1355413
564353
2929717
1112710
2419148
254328
2528684
2866163
4730678
2340455
229155
810197
850573
2019149
1487349
409301
5226960
1167146
643624
1536493
1242255
2116445
2575896
2517247
2892382
830078
46797
2384771
1613883
2250037
2587459
721755
2411715
2453808
4085794
526926
2218248
330325
2801290
1092367
1814333
312578
360469
1091203
2777232
893703
5742223
1668068
802163
857926
29615
570753
1366586
256635
1906005
252741
474700
5005983
993427
1960673
533819
118413
1242950
2974028
410195
949932
447969
1130607
2724225
1052631
718173
32926
2409788
2701587
2594511
17789
2292903
327550
53156
423690
1513217
159507
2274787
1888050
239464
1534255
3340731
1652365
36632
86629
2274569
1848936
286928
461130
2872144
2152552
1539188
2913841
5231760
3326390
1151358
1147912
1220427
367565
439051
335943
2525762
4252019
1788175
2987956
3085607
1108952
684803
1966121
1120141
755016
1048042
1260152
1104955
5270780
993173
714019
49108
2983371
2318643
2829868
1635132
760979
8593
490952
2723329
1048042
2654428
2377969
1393572
703143
2821650
1795246
3828061
89013
1608736
2570542
564214
1097582
1376012
1769709
1726195
1743121
2872461
1921903
1543188
2825977
3387154
1888494
2198414
1250988
4091929
2044536
714244
533644
5743381
3714953
771847
1177536
1160622
2329684
1738698
2258219
1991685
1898314
2900698
5242123
134237
5595636
1327962
680958
3082160
472821
2084999
347457
2924649
2463972
3564448
491896
1060469
166187
2442721
925147
3724999
851211
1461725
1450046
2171850
4988698
579412
1271494
1179838
826366
2765813
2344595
1284560
339381
1952333
692420
2375794
483167
2375318
3249111
2690295
1196400
2042290
1336349
1058144
2894962
957368
2163752
1695452
229912
2168279
1802944
1760482
61412
1974565
1000875
5189835
731478
1075329
1989630
1954150
947485
832501
464338
1196543
1504114
2614331
2772615
852917
2521094
5983526
2716476
2851708
3741271
5020014
831442
2579291
902753
4433980
2792393
1288271
543231
615629
2776466
1266719
1690617
2281822
2108319
2563611
2866594
1349298
3635409
3631069
2307870
1432512
2133149
2898452
765599
2092354
1373748
2547478
899732
1919723
2535523
2282975
1403676
280697
1972563
2279213
4708862
2305900
1882420
2431020
62147
1095143
4180358
2146581
966616
134922
4178422
582507
2379450
834851
2801584
1559214
2136188
2076757
4299710
435907
1865289
219141
1567888
1003478
1985327
1403327
2578438
1252532
1473627
5579497
1985696
1405087
490898
1688335
191839
983252
688110
1788550
1730782
160858
1803335
2829020
2468190
1725039
538509
1348642
878186
3392472
2436237
5175399
384744
1387633
1852647
1967652
5693602
2490031
972939
1979714
660470
2169086
1628854
1662147
2146477
1706326
332003
2625324
652957
1440643
96644
2892032
681567
1754345
714993
1414255
1496584
1240903
1461981
491963
913458
623706
1106230
420122
1855170
958064
1646078
1951487
826002
582769
4336716
96205
2060486
665011
2053616
2182104
870308
2467277
1462922
5914990
2422573
2939219
3315903
2002557
2522005
2581936
2897801
1502473
1189116
1489332
2956905
387088
2385948
970322
1763111
1414462
1077478
4575194
1417987
2558283
2647789
2822918
1994795
4599395
2738459
1640492
947792
300393
2241037
5433954
2352175
56631
2730401
23765
1378080
773698
2142433
2701652
1323374
1619166
1730690
464127
2904156
82107
634864
985353
370686
1469003
2769488
2383280
1993278
906893
240471
1333641
561722
2985149
5060059
1857330
3756475
436566
361309
550644
2558022
2277004
1584254
1824130
523196
2613215
1345978
2142266
1552098
1841682
2345195
271757
1474133
629365
421956
1468251
2220437
921004
1673393
2189572
1623996
2733467
2846940
1513213
8511
1430328
344119
4553067
1402729
440399
615743
2678247
614358
849228
1178168
2651530
2911398
2986392
1285526
543644
1156253
1820663
892352
1829948
3339279
1996430
265048
1364051
4590618
182820
1203760
4337975
1230758
2848093
456772
1726806
92374
648348
386441
5404661
1664312
1052913
755005
604687
2125965
1220718
1285334
1589663
1983039
1382522
464181
844212
902037
57026
2422606
431666
5886333
201351
708445
1370140
2253864
1921343
1886467
1985509
2199624
1324458
404577
1677324
1149809
462499
713840
1807368
726907
2291681
2707856
900581
358516
860191
140952
2468702
3818769
2754035
978860
5290525
2773331
1845038
2317936
348214
4848368
1882661
2512599
3841422
2936216
135288
381154
423230
2131572
538245
1185598
703543
2221081
5486829
767372
4692130
1487122
2163726
423033
2231326
234950
772375
3311669
4332542
2343552
5287644
1592310
1953113
1956657
2127948
222514
192246
384665
2169474
915624
1053047
856352
1291531
699892
1768100
2344602
547386
123148
2348670
878002
2866282
2820537
63844
233240
900224
2686714
1242586
2622543
5999646
398418
2405558
2919209
2920311
841021
2532348
1768772
340733
2545227
908648
538838
2384569
349809
2900474
2514596
5277326
2694374
894739
2983417
2997665
543515
2087633
2819890
101457
1104484
690950
727841
2978749
505220
1109192
1649133
2587301
575212
1216838
1532248
504438
1277212
2041481
2969352
1211205
3651986
153811
234982
2595039
62495
2530803
1349263
1190048
5776329
189586
2107059
2308446
997326
849227
1929030
1684226
2312010
920775
1898041
1448088
2100875
1935324
2725929
340366
5586547
4819400
4445315
1936751
1309933
1492560
2248106
1121887
1145160
101460
1264272
612575
2504633
75198
63995
1564629
1749832
1778933
18430
81582
2978019
2304927
1157764
3149864
2195090
1562438
3433701
2096990
922372
2285584
1469052
1398087
229708
501346
732705
558533
2792160
2855013
1171933
1086666
2544180
1539685
2597325
2744986
560888
419460
1111931
2630317
2894904
2123227
1533293
2069022
6681
707538
1190632
45764
678427
603377
2267071
1157926
551492
2348242
1558484
1343370
2187319
2238751
2273934
838558
2801694
589928
2974080
603849
2968582
1308009
1089150
926854
787248
4259553
2008860
1171884
1964224
2444719
504335
2788069
4517548
2862721
758256
2715448
619851
1037984
1785971
2616848
758872
3123126
2892460
2396136
1618726
405684
854510
460940
2044782
1499622
2963082
2918327
2014110
1295312
1609960
1648444
36834
1905048
391487
2624379
1887015
2792757
1219501
1162413
4025701
1535768
2022325
1133648
1607881
1339585
2413213
58047
2208025
1850453
1539236
2035229
474950
2712198
521894
2678345
627405
2153096
557702
1790100
128425
2352781
1093679
2852250
2864541
3303471
2882773
2512913
1203490
171532
252252
4604576
1808145
748014
4103282
1745161
686932
1565743
3463140
663578
2777312
807261
493269
347348
35990
200523
995908
1535820
2372936
1599745
237470
2816947
1436358
1979293
343519
3101718
1947939
698205
3274185
1390136
4106795
1729906
1310329
1330850
3856199
2393201
833450
353236
967574
384864
1388873
2677660
2045414
3840243
582406
1354716
2688516
1950444
3412405
1551333
2625727
3077671
73150
1225065
2367639
2485123
1306877
2580502
1051855
374119
3130905
1691060
1353380
1136743
4257271
1455195
2119464
1657666
57718
1393114
3514713
113143
200130
5269259
906277
1982203
849339
2609276
464260
1456316
1494462
1588485
1893164
2908856
669229
1421671
603574
1265137
2090833
2003272
18749
1594359
1508025
586033
305337
661489
284798
420682
1139812
368387
5876523
2973526
2506418
910468
994743
2339017
5083881
2252236
1418290
1754074
2850253
2473988
651273
1812762
2664799
458543
469592
3471483
1187991
647562
1704258
2408849
2519058
1376069
1824714
2977499
2321729
2473720
1439610
200509
364063
1733243
1833972
3738317
1671406
5810925
562982
1585491
1218925
2466466
2761523
2961411
977357
423717
1901581
1870173
193025
1633256
1695312
1621349
2019330
1565020
5740083
2333699
881614
5710375
2583191
289458
1591730
1950299
2064093
2645723
1979777
95668
792115
1468027
956784
2676525
106345
935016
1141550
884305
2067123
1654479
2276724
2309429
2147518
2335676
2965900
1021846
2846118
2274782
1724331
1311515
100608
2095400
1922875
1474465
2247783
171840
901265
1781465
3461516
674395
700783
2380211
844400
135301
2079334
1920559
2928862
333067
2698485
1920439
2904073
925140
2109687
1306842
2067421
1110728
459462
1046223
1742733
1792914
1826582
462799
1151885
256421
1733443
4692646
716022
1219616
541079
5234335
1796227
1086321
665014
2259489
1137808
3977695
531219
2121962
219385
3313536
1318012
2013566
2450280
2722069
1839341
1132418
726853
465709
1486075
2046701
2530943
2229303
1975921
973904
985142
1936753
670765
832262
1875292
504318
4865587
1553535
1272346
1165680
4200271
1474556
614724
1686361
1292599
1338808
3828604
701479
1703444
1123161
2024516
1935062
191108
2306123
2714056
900496
725724
2039795
1334450
2368612
1943240
1938691
2131589
1362507
2833402
319494
2963159
588934
472446
1155715
1993692
2358382
391861
1683397
1507342
1073965
2264958
1885207
856730
2731127
2589362
683154
2691597
1189064
1028638
1498324
2046434
380733
2037783
638966
2777656
2728924
2718218
964693
2802192
827810
2401473
858584
2824591
107389
2652732
335397
2543455
2321999
2043393
1588442
1361719
5695677
1217895
1536263
760340
173318
1722419
821387
2528836
2496251
2578723
1070459
2299183
1876540
460766
889674
2230356
2604537
1847120
258020
2969720
109561
185546
1050188
2424092
1411686
964694
2898318
176174
1593457
2157255
626574
1091295
1136076
635759
1289080
1499894
643208
1861683
5150998
2448483
129992
2824317
2156791
2588567
2007267
1171412
1155477
799353
2419301
2511986
654723
2648279
2327720
1888315
881457
1019314
284631
2430648
2442305
882127
314329
2483756
820472
1481691
1797646
2338272
2142210
1486552
5127013
5405147
633518
1180392
2007653
657869
1285459
627918
1500795
487222
1073418
917109
611209
609013
1409549
2304399
1104674
1087809
1212715
209899
2523308
819753
1487706
2003891
2055604
2814338
2295270
1688920
5916633
3326484
1627732
141873
323856
1652260
652324
1231804
2846694
1541093
1730424
1638678
192590
1718942
736875
1373823
821234
2254542
1046363
2593143
1142031
2152879
5326697
2786243
4752351
1109358
3172065
939546
283907
3952289
172111
726095
2367172
1955135
2349788
2593813
2700807
1465810
2041817
2996213
209313
1696154
595497
2758719
637977
2190984
865580
296861
681326
4418448
1577182
2881446
4137393
124312
725764
1983238
637118
299017
1629752
1377908
403711
857078
83656
1973530
643230
427480
2293939
3818468
998769
1955818
2698765
1234758
118840
2373445
1022912
2118515
2329235
1416903
1095964
256913
1884158
1463548
4613479
2965869
1173877
633770
2511001
2054726
2192376
2184790
1329005
2883714
1885678
758123
1432822
820814
1585086
770842
2389008
1901976
868843
1902330
2966187
2465851
931396
1563327
4731821
2867195
4421686
2320209
258996
1814197
2613618
657199
1125263
1747032
111626
2847162
336662
1422275
1643659
1019495
298296
873434
2251444
2022830
1268532
2947797
4028447
926521
2697395
1574643
1166647
289106
2241452
1356307
1601552
323045
2176107
1344451
2280339
3795
2725065
1383594
419431
692755
1589386
510487
979743
1267151
2323128
496208
1822395
2593893
1293027
1641397
311616
149232
1285826
2323994
2394698
1672091
1446651
2593716
822392
4930482
1380280
1190663
1561783
1257666
280539
877839
2972476
2423752
1551561
3666430
2474629
1516934
3528275
249786
2753802
1776442
2113658
4721368
2126575
2510745
534916
1834003
2541910
3067133
1856608
2089577
629591
635195
714101
2869315
1963525
889718
1398795
825017
2215877
2050910
1420037
3969445
4938471
5934507
1239055
1109957
1401787
235399
4831937
711264
2573071
1786203
178540
262965
1126580
2933836
59131
819679
2465311
2481468
1323756
674234
4912634
151907
753215
2279010
3875640
176875
268439
63550
236659
1691452
5319828
843323
5607769
425061
1575759
2805743
667124
942223
2769852
1605772
1357239
189303
1200324
2164748
4316828
4633240
2523981
324432
852536
395478
1022397
246057
2370231
1156257
844206
1172374
1326112
583985
2342001
1898006
359491
3227232
442388
941885
1579913
438809
3765154
141694
630197
2162354
2072347
802670
4942048
1468860
1218415
2953026
391989
2383927
815629
4680428
2334381
1675743
825862
5358799
2136554
511646
735960
252645
1237495
2091890
564715
4865795
2531546
2171080
1573049
2366894
750547
842193
2707893
1567101
465729
1927233
2550070
44205
767513
2173776
1005174
2281472
2025850
2585782
917470
2276667
996072
1004972
2708220
1541449
1437171
1207887
1709203
25335
1642954
2018876
1388776
1697422
1937510
375508
2004406
3505490
2955251
775373
5287567
2646774
106073
1657470
644092
1719498
1839403
2927055
2917251
2656380
1261638
100652
319509
1040605
1082986
2611404
1606786
4852053
2145589
409831
2117697
62088
1629256
216394
5376941
2680485
2685426
1275295
411635
71133
1624966
2307555
1323578
2169914
616369
2248011
1544947
2921769
621292
1369621
1452980
1941997
1956503
1123881
2007643
130788
1304946
2795385
29278
2612508
282017
793169
1487012
2137048
1815741
138282
5343289
862450
2465330
1794802
55193
1136539
5003801
477022
2385995
1568678
1555367
2323653
312261
1821113
1990878
1463686
1011762
2662836
1684322
1492849
2802192
806960
619560
864536
2845030
562292
703444
2593333
1563439
311421
2856050
1382105
5849896
3102106
959026
1663613
1767891
626893
1878846
3170764
698562
2010102
233795
1201240
1700662
1882032
1758477
357031
61716
3383917
1293218
1098434
5501374
1776569
4184773
919086
1436116
1196587
1116135
187267
4087888
1448465
1124417
1511136
1204732
168548
2414928
22275
1740858
1239772
223317
1339012
1291522
1525268
54744
1850707
1551454
2525098
1567853
65765
2243286
5823608
496129
2817263
659117
1922933
377119
425822
2337640
1392176
1557215
5457410
2987734
784479
1575758
2707128
200082
944694
555507
2153321
724391
1785437
1751008
3143977
2802604
2536413
2116328
1815550
713583
693567
186716
957105
2576727
924093
2846121
2396197
1590017
1637877
3623018
635269
4449786
906431
447602
1850099
1507669
1141068
792997
2203878
14936
5135944
323934
194827
186817
166364
2754767
2848942
928340
1235803
1276721
323659
263613
96614
36298
1130591
1866262
4412096
2033539
1003832
2843865
3988684
1496743
2423856
1249367
3096724
5433178
2135973
1741988
1556559
4229973
2224406
2664961
1055849
15201
4043237
1076469
1063540
1948621
2876266
2075587
1830786
2544460
2654287
395417
8417
2903116
2806786
46555
2593238
439777
1081027
1126330
1553893
1489665
1370664
237559
3093629
318888
7918
1275680
40772
1621727
374970
87020
1659060
1522716
3493604
3635681
9670
2826966
2196341
1249977
618760
1640861
2661434
2239505
387705
1648663
727478
690816
1736918
245435
4530393
2428908
2287182
1913225
4451766
169450
2890090
13618
1699217
106531
1650926
2236493
668545
1148329
481838
4569638
1566571
2595896
1209128
199313
2175223
1977716
963945
2198726
1253221
2717387
723239
1081595
3186683
1518462
2764098
1262213
2185156
1608847
2666134
976705
2428504
2702330
5655447
3680565
1388909
568180
513344
2640397
1719132
1936554
1207568
2067001
2361196
182048
2700667
541467
1719839
2834370
2971694
970191
107880
1371310
2760419
1088659
4343762
2731757
1283546
20561
1630027
2478492
2812949
2397064
2847784
1326906
2480464
885115
330988
1706231
1127672
104545
1898728
184632
2622525
990204
1090685
242285
9345
1908063
1873609
2025645
474852
1921607
1933799
612604
744695
409971
4071283
2135876
2066888
2171956
1050539
745499
3526657
1115007
118800
267922
238195
1340735
573923
2849460
2289131
2159497
890914
1358885
1460459
2180876
695014
2487376
1896223
1120684
2266544
2281354
1118412
185787
451793
4134099
334632
3490980
1672325
892137
2386176
688888
37441
404968
518036
856442
1776067
2670089
1141285
1268424
150019
939165
1601695
1426769
700045
2685077
163212
2322499
567835
2984707
120270
2290131
3185706
2248573
757310
1515138
3176900
47879
2531418
751076
738599
998916
1271586
3870380
2705602
3412118
2682045
1898561
1518518
2538737
1144611
4196228
2920886
271861
340809
1363240
1118542
1969321
485503
5795133
1219112
1718312
3981103
5664475
1955020
1046286
157838
1317410
532764
1587227
2849908
2868659
2366156
298931
2393261
1139826
2284396
215545
2797363
247447
1921026
1710269
2004515
2061463
1999535
260212
1159887
2482812
369698
5409563
2709177
3406009
1933249
2398892
2601663
1824848
1822496
2911661
2813236
232570
1490437
5572079
1856196
2688174
1844762
593302
2544260
2730506
990680
1227433
1823709
1271074
2775143
1104053
736186
351195
1083543
1043410
1520331
2383103
2669050
2866393
2042285
1078617
2548509
4065776
379234
2364127
147114
5944430
1746761
716452
201036
258777
2797930
4225741
2059552
1788051
413554
2824933
1996037
2025700
2677376
289789
1568276
2188478
598897
78539
2651804
728740
888786
1993496
867991
850341
654375
2575953
337387
2425508
831118
285890
1239433
701705
2490933
2374304
2429950
5646679
1845679
2533953
20299
2815822
84199
936787
1388518
1812047
1380018
590654
784902
530339
4116734
717850
3695121
161213
17072
1111210
1738280
412391
1558474
2790634
905789
1800646
2271192
5165361
1578152
2545428
1459057
741320
1771611
2361852
1408279
1454619
2731422
542195
498096
2832402
1470384
5904041
189707
1984484
2273086
1073174
1504421
74958
2522677
1254306
119030
2255243
632966
675409
1763169
2924617
975169
1573776
1309607
1792472
2199513
1204841
187843
594019
765640
1210176
1986068
1443507
288952
2500723
3150243
712829
2148818
1549879
439467
593469
3929005
2511089
1228459
218932
1752701
2538904
2237072
2004000
1325902
1760806
1538201
2361927
2428696
1290182
3367556
548359
1044908
1576728
1284248
242341
2466216
1251702
520910
1979648
2457334
1817928
33350
2550850
1197903
702272
2843032
2659938
1829691
1088761
1707531
5396957
1998625
2479188
1938450
2684612
2979216
2338678
1695395
897915
3856092
1613261
1249932
2806647
4308939
799759
2950115
3184542
1784332
2525404
363591
6514
1756903
37348
1812555
2647861
4102796
612473
5062703
2935312
2753441
1402752
590803
4353418
541935
2078127
2708889
1414268
3825752
2454916
665799
1419671
297526
1683608
3365086
2101550
2257400
2372160
1346941
2625812
1855555
2720940
2144761
192968
1608472
1166566
3777148
236275
1576520
887989
2527812
1032554
636920
833629
4042091
669710
2593536
1293585
2975627
2470771
2284317
2871745
207500
1035502
5523903
4105634
1354163
2340511
915090
1338297
2220105
327510
2843334
898911
1722281
2172726
1728616
380685
1370607
2521681
2971938
2920913
1959991
2444216
2010379
2167990
2168269
1072871
3963234
2058920
112116
1265713
563237
775018
891102
105795
1068983
2606659
682607
5851523
1859572
2058539
1419929
744739
1640408
1878577
1033270
5185543
3740037
2503494
2536517
5172122
1083559
591648
2407960
2542679
121940
4500618
728668
1892859
2240826
3817977
1693347
617390
2260156
2101006
1892497
585923
2973561
615010
1534045
1604618
384814
82229
910425
1500736
619610
2325856
914735
2843788
1200727
2367102
1331779
726037
2749450
1573623
1804373
1383571
5658135
1465172
1752728
1111701
2344012
2102355
295436
605976
2332098
165133
2081530
652604
2934399
2874226
1061989
344880
1348789
192141
584694
75151
5044725
665246
3702142
3632005
2169330
4785701
204165
364700
1764272
2943550
1349938
42199
740554
136234
366280
697039
2197842
580987
367791
223482
1203559
5938911
2972130
2497835
4778814
644306
1649202
2511417
2324085
1249692
3295048
1654277
1262290
2195262
690846
1010803
3518322
147830
2502926
907408
1335905
2638
2461462
998919
919531
2669847
2235912
10897
851078
3434627
496533
1983979
2622044
312088
498612
1987722
2636564
1869463
926637
2620896
2533954
2200009
1836692
60658
1550091
2278931
4904
1482935
1389040
173804
2303083
2713735
160728
458765
3628249
1160499
1504685
1786426
2163556
2371352
1881640
1186579
2748177
353368
2771974
1586801
102129
469475
2000678
2912958
2438419
852321
2348176
2976571
2361429
2956551
135731
2770348
2855440
2204071
1353390
1374825
2070181
1446895
358358
1736947
2074733
981196
830786
1569428
912827
67105
1197455
471719
419380
3272394
2574144
2287480
1171146
3221891
1257743
2404761
321708
1221815
1362580
1360399
1812182
301192
1804256
2183059
2675140
1209433
2441048
1490797
1277655
704182
2899242
906789
361918
1196519
2613462
1750274
1064722
1312460
990292
390687
2696574
9242
1499603
1269108
2020529
564593
942982
1291511
1576437
2214030
1227943
810959
1008845
74498
2943136
4165184
4864813
2400993
2649423
2356692
2444518
479460
10444
4412827
679432
854713
2488181
153926
471387
2930348
2168886
2220761
2317004
414272
570275
331991
1906093
18240
2842332
3651783
5456388
2807375
1683738
1407650
1005205
1416607
189635
2232731
5276219
1146798
3120322
2197750
463280
4498994
184146
84420
1653179
2035243
456921
241283
5639649
2665449
2111472
1504855
2158955
823847
1574011
2910212
2018514
2897293
250613
1118514
347655
2395618
2467708
672176
1479234
206298
2644430
4753762
1412338
494382
5430275
1529997
743693
2092615
2357130
356363
1917993
2898188
2185817
651127
5067196
2203944
1968715
1303656
872196
2114453
2433720
2043722
2821138
2573481
2336509
1885319
2771798
2163935
762878
343252
2201169
92033
4956390
265501
1919774
2214643
1876500
246931
433807
2246975
1381256
2002932
2948296
1423791
1732428
2374527
402401
1814511
1310782
387366
5968709
303811
2865870
5222856
794585
1689205
2834872
3188576
986770
537922
2042545
4934670
769864
1504276
724515
2101410
1721272
1868899
1892353
977281
3003320
846965
374912
2196619
1315172
387155
2657715
1324866
1067261
2456002
1289696
5427073
1483864
307842
1960126
2360613
4689685
527493
4404644
404327
31252
2409707
301986
169449
2717595
1379280
549638
1089974
1147165
682560
931038
2747696
1103692
4679339
2885916
2905033
2303805
3038763
612280
334338
1892816
2471840
2950427
1542334
2165625
1652255
753136
890992
74663
2650839
1621561
2690498
1610559
1363540
180702
2277983
733006
733624
4505564
772374
1959120
974665
1281850
927325
1453280
1194072
547424
608875
1988855
106800
4830071
2897101
3232947
2630484
2107424
814082
1505872
520698
2500020
2265851
974880
1743333
2814395
496846
1745333
2245698
2738212
1166278
2576952
804080
2538252
437086
2186302
238506
5999009
2102553
265328
2266140
2368501
1298332
1485655
583039
112566
2590002
5068810
38270
740159
1317953
863994
1821277
428474
3817304
595792
2002587
4999367
632072
2464750
189332
4117047
422262
553497
191129
2835170
1191257
1421460
1339464
1087315
347732
2187134
2758499
374552
1498056
1368909
41399
1541123
1060558
2560365
1885732
541262
2387433
1621091
1349434
1007843
2826872
3145157
1750922
2497826
2458983
2227156
1267579
2154211
5168002
2567907
1273665
619720
1638931
3217861
2879712
2431045
724291
2854001
1838767
1711311
2345838
1112656
2641634
2480533
1778959
1797021
2169654
1618275
1269229
1285849
195359
538947
1498602
2944440
2084341
869248
1795693
1698838
1149301
1690852
1592031
4869589
1676321
2947260
1716974
645580
1250017
2747496
506671
2749814
2438178
316702
2268013
5786164
2199405
1829278
1599511
5581007
711925
142601
3832
71821
1455715
2049574
1922668
1514700
633098
1068053
2682362
2717377
137735
3444570
1392150
867438
1218450
1486791
1428494
2827041
1724969
1944562
2541982
662752
1383222
4295839
2992690
2262074
2522360
1014102
1145974
2122553
2843705
1713506
2562456
1691164
2397364
1418574
2068230
2736076
1617841
1663199
307723
2143719
1011429
4401828
2909449
1898621
397814
2972694
2962781
182755
2987749
1509712
2189364
1325007
2001349
1010319
1870146
4712544
1142078
1749483
1493417
839457
1305766
2469890
1454654
4998400
2805282
2767211
429570
2250999
379618
3972846
804363
1360724
4536102
1688756
810567
2260988
5117957
2688101
87634
2022801
4131117
2607524
687731
2733101
368757
1349220
698000
2092287
2859430
2331616
1785482
2269400
2577055
1444215
1933783
5144002
2029540
252892
1722663
2007318
623258
5325080
1959477
1394672
2430313
61893
1095173
1634736
2575049
1962722
1549764
2805055
2852884
4620185
901968
817701
706481
228527
616731
2334901
1835628
2206659
3827982
2835380
1139320
2085072
2764821
982318
2583127
1908089
136078
2772737
2266733
2964957
2475682
346692
1160391
1426422
3909690
1232077
1545447
273932
1292122
1300552
14615
2592252
2957298
1379535
402569
4454114
2761326
2966249
890660
5735268
126181
2114430
1557129
2431041
454620
2708960
1871432
400216
1033746
5449648
1008383
829385
2186438
1473364
929169
50115
430469
2143190
801612
255612
2920087
979669
496517
704940
194469
2702917
2380105
981163
1473202
2310057
1473071
1924436
2912701
2937722
2565393
4813982
1790748
1516318
1892018
1813123
518479
1544832
3908082
2462125
2280426
1805003
562721
1669107
1135224
679398
2921667
2941646
439213
1193375
1291865
608381
905733
1350272
2437479
611536
809629
2973645
1211120
1113434
2674233
2773028
2281435
299967
1893986
1700312
2579526
1339432
1403970
1593979
1406009
770578
4710678
128789
2869087
1053700
2078465
464890
397310
2144416
2190503
2041789
2052812
517236
3094897
1148505
2327797
2599170
4581760
560302
929112
2200171
3921054
670028
341808
5218028
1886092
1017847
300919
552319
2999540
1637615
665125
1864383
2497889
317241
2321305
5159050
98381
1269253
2434901
1840987
918357
2533170
997040
163205
1947766
1112414
1029731
3119535
3117539
3565609
1637752
1124814
1041036
377618
308208
2836805
2076932
818518
2713460
2362626
1315745
2254384
4419921
1103277
2624638
1921083
2124742
377848
1457576
5494616
312721
3599185
2809985
2144478
4114615
954774
937915
521066
5309843
2742917
2994884
1854091
2066450
311108
705878
1532793
1201090
877198
2589620
388249
1043784
3526267
1958580
2741264
1094073
563020
287384
1960762
2663330
1524106
4981536
2598282
4554869
1636722
1533887
5900467
1857164
1825050
938497
1835587
1128634
1604634
1782773
846358
512757
2231807
2782646
230706
1364704
2570432
39194
4795331
144628
2908430
2537162
1456120
175495
1046498
5249665
2139607
2294508
3543003
554846
2554283
1923830
2041339
1082748
1284236
2820121
190976
998965
3475322
1185399
189324
1812774
2894021
2448422
1402486
2602102
387722
199241
1322504
1875134
939491
4371809
1327152
438041
2789864
1452571
2731055
1193870
963821
1156514
1604441
2069977
1163088
617001
2265122
1379588
2050878
2952387
896470
5157793
1108905
5507391
2368825
2709217
966720
3924171
576415
1545838
615981
1858924
1626201
2576973
3140384
2485523
2572720
344856
1644995
433174
1789439
1745794
684494
836375
2691458
2791561
517204
73152
2956301
1060946
2456704
437528
2379386
2931386
3460744
1744555
1256221
1393747
3973207
1214833
1812235
3299663
2171990
1405819
2943867
1159728
1460664
919517
2037504
349829
1387257
1790347
2054726
983926
1416979
2913721
3760322
1117682
4009791
2969828
619991
2447572
2185566
399722
35750
71945
711487
2878023
979600
729546
1399330
3092676
1781973
418368
1357580
1342592
1696877
1186530
1548385
85790
1527970
954797
1590287
2819590
1732120
2004409
422506
3490157
1480355
1312502
2743357
1586138
447741
2116140
1827138
1492450
2176925
1276647
1619016
1270843
1890504
496632
2165778
3996899
2885536
774119
2739293
625138
768372
4851956
401459
1304242
377242
400365
1584194
132385
330466
2471974
2030437
397148
747856
2199656
285589
2126280
1528545
172003
1234109
2034379
646612
2160807
2908520
2783092
2702012
4903515
4685523
793468
930927
5584965
610233
700980
1773671
1640709
1648551
543405
2737515
2819231
461429
2362716
382370
2459858
205980
793024
5741459
1930929
2232287
2800194
927159
2620923
416924
2701744
915041
1785713
2904076
1091218
2526417
2422555
2827390
268527
4409232
1420704
1185867
858848
2586603
1157083
2865571
1520542
4385388
358812
918254
5385191
1476843
950336
113957
2073871
2299902
582244
1696184
1887738
648577
1523744
1408079
2970549
1278605
2764251
2346485
270049
905377
2194534
2994660
2404499
236168
38899
1172838
5508518
2559691
5876284
1799034
1421430
64486
1170635
2124994
3802025
993513
1232312
2932201
1906677
2883755
995247
515660
2092621
2597680
6066
856570
148806
1546075
532544
909572
712395
1993236
1175391
1265227
2863445
1648015
2835735
1087444
1937421
3959
572930
345249
1527663
2125553
941822
1372570
1511071
1663386
1296694
389027
2399457
1781767
394091
1893284
2655157
1342031
1626413
2963970
2217123
653134
2107610
2484387
12203
2221063
2205750
55842
521997
1740872
3010459
1237905
1388046
215909
1072785
205565
2491099
265060
1867865
2825855
2854598
2071213
2500211
1255120
380880
917242
3088290
583271
1127231
2808041
1050346
1418045
930136
372694
1305186
2568047
3657032
1483114
1558319
558421
3753323
254660
5975469
1435222
2069012
496966
1781896
1219578
1378488
2562408
762569
996190
2252218
3779707
882281
546675
2312059
2410820
1286762
2773053
505578
2506263
2539373
647011
983107
1779362
1284014
1371756
1346053
1213668
257801
2455709
1003028
1610709
812365
737136
1521364
2915957
1592987
1794227
2957723
946182
2256145
3038837
4578526
2307880
34936
1497918
1524105
2851782
1015365
88747
1201554
1158964
5650194
1062064
953026
132996
1573209
1680247
360871
2960908
514659
2500524
949358
729662
282706
964246
1659333
4133728
88985
287308
4910496
2523309
884911
953092
2166262
2614899
3472089
1424939
2452624
598121
4683409
1015304
1838210
2398084
554239
1679464
2616262
1842011
847473
1860367
1239015
2365303
2929745
1632585
1143756
534911
1423295
263109
1415240
1137607
2557280
2648091
901086
2008515
2608549
144988
1248561
2403872
3800603
102202
962891
2423448
192738
429244
503851
930752
423474
1423842
1990608
2868871
1548075
316371
2079733
248114
2663506
37337
2783227
1085005
2980206
1532059
1727087
2683671
774132
2820287
2039566
1173732
1734607
2639376
5662339
822240
3927083
1490053
600417
4911839
2289611
433126
1008020
161814
2197282
1959146
3157678
2004987
1535987
911132
180214
426610
2973285
2139182
1506087
2522725
4459217
2981783
739585
2870099
1110629
354614
1014555
572882
1693837
221429
961688
1745639
993852
746100
2190451
408145
5022143
924926
1989378
115777
1125217
921446
2708991
790798
2051443
2617597
473890
2797356
317435
266004
1855951
1357635
2507672
182373
1302453
1481319
1337200
2412891
3139997
5484931
1156029
1414033
258804
929888
2079284
2165941
2197243
2555157
4824510
1856823
1047444
483878
1920487
1602891
2448874
469157
1303666
4909057
2267892
1560133
1083612
2086524
997525
1846504
1101797
1362313
4349056
22646
1404898
1900447
3711328
1472913
314179
1391519
1189419
1719048
804863
166475
1087019
1811541
5769120
2775363
1599175
3654732
1670620
1609980
530080
1380314
379390
2115192
2419945
2931568
1180781
1774228
64110
1731836
601267
2906560
1717143
5562421
676372
5585320
1871669
344721
2326006
828257
2694672
1676945
2102298
2293578
1174447
1925452
4063667
917203
231792
2596456
2012193
3282470
4135655
162397
2518895
1924651
5742322
1751102
1434241
1438207
2422913
854647
701248
1995114
2986933
2123131
1911859
2039388
2039620
551699
323969
1639286
1557105
2737847
24419
1113913
2485292
2460402
2719349
976814
2509117
165931
1425483
1549853
2077953
406369
421219
1110907
1417588
4065740
2027697
82925
952359
2395667
151655
491454
1918932
1083578
1507504
1709223
209673
2709172
1802776
1008494
1766716
1580063
2107304
1082234
2839977
1166286
564617
185855
1130295
2720522
1207570
2216617
2331881
1665598
1054748
1178274
2918669
1324136
302269
3618598
5812283
2979695
2930079
1741795
2207594
4979811
2974260
5870107
5623103
1615025
1271583
720330
2926188
2186497
1015214
2833463
1977250
1267267
614194
5287957
317523
168932
4947574
443246
2354110
5646514
164762
1611498
686109
2679162
2852626
1044774
1996338
840057
390846
1719278
1717503
507866
2259400
1935248
23086
2720266
606630
573252
1217859
966913
1983763
111264
980896
1381652
975914
1880164
2159937
2748465
2788731
1756928
1449579
1280124
2145882
836713
1240384
2697926
372720
175317
159217
1732588
2049011
5674089
1956937
2987105
340438
2990381
1418588
2746317
1854052
971030
2845043
359685
1269954
1374271
1936887
501481
2069992
1877899
2143932
544356
945612
183964
3911997
73419
1186420
1090754
3794875
268116
1081601
2148573
2666977
1887158
1519532
408480
635958
887308
2500412
963682
721630
904834
831056
1401527
1435653
94409
627298
1027722
2414848
1108217
305739
1118444
1790291
2914464
4143568
2810531
1134795
2860790
1886019
730727
487614
852734
1803965
172660
987365
50309
4249478
3360203
1502121
2306497
1793490
2360987
826571
5732246
1838930
1818422
391901
4632415
2793302
1090784
386082
1288357
2470527
1467925
855072
2275056
141558
1193034
726300
4060189
822248
976593
2172906
2433110
2961072
1850145
1974100
2718520
620060
1175356
414834
541685
1524621
2288310
2848852
1487859
2553575
891025
1613982
2402502
1748373
52107
1896434
664636
1438473
1764015
2050374
4895026
2070417
4933700
2109577
1287184
2503675
729524
1828602
1492329
394933
1451748
541334
943771
2310515
169359
2829276
386982
390178
824576
506852
2908622
2426076
4204776
2246743
2668955
2005871
2699034
797270
1655025
1691395
2003166
610661
172069
1177121
666057
2589011
2022804
1604892
912601
1401192
2022531
842924
1530860
1247446
1890116
719661
2113295
2239381
1556734
650638
496507
629786
2272292
2718399
205920
506940
2254010
1043111
2325194
2913197
397734
4834912
4800394
816344
1429535
2089306
88653
2752201
707388
2920554
2335172
14507
4672520
2805704
126927
1963638
333528
455435
1164436
13806
2121043
1195110
739844
1679072
2667528
1244026
2887358
2723610
742854
1309528
1706770
579755
606641
1096328
2971200
2280834
1258664
2109440
2140685
756488
529503
301463
416961
2812762
1850958
1240190
5758643
1328289
1695161
5482243
1924689
371230
2693526
1328808
2039499
748242
8561
574947
2283404
2752560
1414125
67139
904278
2389563
1366791
1812456
2807095
526157
1786327
757487
26547
367618
1601490
1416236
2668035
2882619
674421
3781633
895532
587928
2667049
339660
1179520
1857537
515208
3565055
2971675
110904
945170
89566
2322575
1413285
2223803
39897
1152342
1564615
1716219
1848208
1668804
1438953
3803736
228344
1672356
2843450
4958115
5546488
2258530
3762220
719600
344446
300771
2990770
2509460
2956381
55244
1830654
1953890
1893395
2809363
4371558
4125418
565663
1793180
1083442
2105855
941666
1893567
109525
659266
1218124
4506789
1505233
1726628
1883397
2265419
5015635
1993842
1940084
2403878
4249749
2816309
2701177
2821227
1623126
421615
664079
3380576
283255
141197
1175404
1483540
640842
1596063
2426696
84653
2476811
663866
1778775
3819445
2191636
225230
1690245
3174156
1098100
342418
5131588
1773770
1383814
1304896
772260
1829511
1673209
897922
2689257
5985010
956205
1161333
1270567
1506533
1360345
1153894
2784254
3126285
5051957
2342693
2980557
1131574
2437670
968693
2504580
2358901
539911
1849082
1446574
4203077
1321544
1800592
1140418
2991173
1360014
5198036
1682480
432200
2631835
1952056
2963598
1490104
5188780
358411
1373361
2611589
1501288
882160
526677
1930291
3918620
647733
212708
1623736
2353213
69244
2375615
1529479
2164665
1537681
2728336
2810507
543162
3385379
2745095
1775677
133648
3194117
393467
2928682
1712867
2566845
1291383
255644
248862
3411425
2763123
1993192
527811
1330521
2475990
763273
748629
477165
3211411
2143968
2120461
1439995
2724880
1538204
1886553
2080081
2637125
2073934
1606157
2120065
999717
332546
1424135
1143853
4246953
2356196
1798834
1276060
2225139
4438693
2109462
1777027
5077733
356797
2841066
372114
1662628
710059
2910796
2433193
2286698
1942412
1015
2056299
1445380
2048312
614031
84699
2844459
2125363
1991236
1401605
470043
1116558
293949
2367863
4399560
2103335
45588
1876812
2247645
1944541
1682545
2049466
2440243
126716
5532554
1348590
1104506
2419661
836661
779271
1304426
2297785
2054458
3014534
89083
2486520
1383705
2484736
1360212
3364277
1213232
366151
479398
762386
1047378
2020384
1855428
2684598
908280
2157173
1260487
3454709
109659
199311
2119754
1107480
316018
1110353
3090496
1429642
569230
419514
1017155
1074880
2202575
2015358
2462603
217977
2178548
864118
3938835
2257572
637335
1263559
1649459
322634
691963
2112572
4746902
1763803
1461532
905587
66130
2502997
860459
1970803
1775798
57850
2637547
3728125
373655
9451
3554964
2613231
1630999
1513611
2697533
2835280
1785188
3486614
1067831
1252227
3185161
2755594
4379865
1459346
2809765
2548028
1256564
707309
637976
1887918
1129199
455763
2227255
1229988
2163688
2750882
2815679
2030469
1844147
1505845
2025227
309464
2333888
877025
2593720
2085330
2452296
2948403
1600955
276432
143067
620529
1874090
917572
2431703
2128083
1389769
2003889
1527895
257573
2248614
1622865
1827511
1394906
150695
60729
1456803
1199090
397334
411347
1199971
2855427
696627
2419226
1950563
2772532
1833304
2215658
3853282
750682
1400585
2089051
384380
997174
820617
1920979
1096977
3337022
2043264
398607
1796904
1742047
1807783
237289
2291477
222526
863692
2734800
3956
351377
1471402
2220956
1665082
1196184
1367140
2680805
1532374
1458792
5092261
1870598
2398381
1154724
1516442
2063787
816453
2241932
2576296
1125027
577706
1033195
1032836
262021
14184
1822441
63262
879012
1237543
1983134
2030249
1483376
1011513
2626912
938664
2168985
556859
1295376
302547
2161326
2916428
156500
699194
1369422
712118
2927654
2301784
165642
2660580
187179
2594687
2450302
152645
2587441
2929229
2963665
1774365
690275
50958
1080346
1651188
276233
2081007
1570716
1837831
2853301
2589851
73429
1589971
1447975
2974536
1117220
2095785
2656403
2989778
2010897
2096486
2488770
1637814
2633115
1297610
1762603
992469
1283698
2133229
157507
2125284
3472942
2717624
2755841
4407252
4143165
1182572
2278581
1424741
1505694
101036
2211624
999308
2765133
247293
3563791
1590502
337846
2195736
232493
920688
2668947
2938014
1893628
1993581
5266486
1110414
125541
3470073
219849
494035
2997492
175792
31010
207102
2728232
1128089
2798828
1374749
1595856
3474518
230471
642880
1848925
526178
1825820
284756
1686926
321689
614868
1093376
2872813
1379460
1892535
408315
1619427
560953
4123228
2566689
4862094
1740758
2445734
2096560
1079012
214766
2270853
1789033
2394174
92867
722723
2487724
2084361
203032
1851146
946227
2873259
77708
2739624
529825
2385394
2284483
261407
1195396
1992066
5890060
4060311
2345017
217239
3641493
2207304
1847759
961022
280531
1424837
1875683
2885570
2394037
2440541
2591590
2044983
1095926
2754045
1271690
2514551
937986
291188
1264455
364893
1994688
723699
684316
2115466
751817
3898439
2778090
6104
4593459
1933450
2461422
1275401
1764067
343800
2843878
926521
2712995
1507347
1379490
830645
2577227
749171
960759
1009551
1926959
2719483
2052536
2425022
123037
2962884
1443831
1146607
4143467
2575221
2568699
1021292
1139182
2741697
603846
571325
2334999
1808965
2160086
2668662
1413123
2450136
5331877
2532334
1562701
2831928
2816336
2076923
405760
3221367
1016492
5035213
1992825
688304
1542736
1236466
198867
548184
427265
5311441
1591915
2483819
1859549
2752871
30979
1227721
1049024
1872890
1862853
632874
591827
2662774
2797306
2792033
3911026
2156570
2852860
1392735
2330586
970134
281573
3406076
296071
123219
5341241
1950662
2536195
2611724
141157
4812481
2436961
691151
2122617
1485989
2663280
547546
958360
5102131
3895749
2598808
2700516
1790446
2900418
171973
23445
2403774
2647388
522629
657510
2319037
1489237
2039427
328267
1214379
2937201
2477689
1853667
1743006
2186625
155145
2645724
2219095
1657996
635559
1210157
1064316
5164307
1249063
2254466
431302
2234234
1104752
250284
2139387
1426257
983112
1939665
745716
2477412
2948417
2513280
929517
2835011
2308804
2761441
363138
2041323
298197
226464
2301415
2828443
688107
1597950
2673219
1479709
534771
1352969
2521343
2766923
1235393
1117891
1938101
2644417
2155101
978484
196624
2799133
1067568
2212884
2452637
1733355
822465
1737061
2264034
617841
2006221
1062955
320473
1431475
467220
1437255
264438
1881302
1046733
359328
90859
1502520
175208
192339
1355948
1125468
1496487
365005
1882936
2024313
2640921
2945759
2031251
1125496
2037123
126016
1195381
1513777
2020890
2399752
792183
2819282
2569127
1820670
1263808
136150
1747516
1139209
163370
3024968
938973
1669542
2150618
872751
221569
2366111
7981
1653461
1116591
2221895
4789527
5305163
808240
1360197
1243222
72708
2595667
2670870
1992904
191660
1518939
1634301
2549440
971470
2555355
4974199
1492107
5408387
4962425
2753417
754646
3398400
1494789
93926
2347315
105824
2778829
5993443
1954002
619032
1830785
1217372
2406574
755006
646428
2685868
2334111
528428
2920252
1632397
2224462
931322
5668067
288592
1642373
159392
1853970
2799376
241309
247834
664334
761294
2811296
146901
1748356
4174795
1235687
1770579
57117
2485209
888092
2252898
2944647
2091955
2236639
71069
2288604
1297032
939340
417533
2536500
1898478
752538
2607328
1662551
1939297
2150206
1644289
1608430
4856366
1231536
549208
656374
1328860
524839
600438
1404973
91777
1043825
2744554
1342109
732089
191874
3426217
1313803
598185
1494633
1938514
798129
1460019
1448529
302431
2028749
844236
2061966
1425502
1997789
289779
948484
70655
2010090
2348902
2755995
1113812
2085421
2159769
2327617
1373698
97837
4796893
96849
2706087
760518
19603
280239
939776
2244
2261673
581164
1643075
2971384
976239
5292740
2481324
2123063
1612886
611060
2311146
955396
469988
530626
3740520
1377387
980766
1007241
2751528
2268192
509543
3904778
2378412
1265830
207698
278806
1077232
226798
490990
2813685
4994497
508709
1290509
2842429
1510957
1052899
1899511
1513011
220967
502821
4490353
397045
166629
5866474
261219
1794537
3705059
1840661
2018275
3079438
898020
4284861
1101882
513409
214657
1087884
915325
891071
916884
5071628
479367
2292341
1085983
575607
150188
533557
264913
178247
766263
1638208
1037418
1687234
305811
1836485
182147
748799
1974516
2543829
106699
2517972
1542119
4863854
1685946
827467
444534
1268421
138298
474625
646731
1138381
2202084
947325
3978449
3362374
1450687
645026
246482
2605206
649108
1722752
1398963
2693599
1541804
4020094
222463
943454
1009870
788782
9262
226461
2354905
3858872
1579096
1119158
136493
2603069
2100103
820701
318410
2441864
1832619
1929082
410254
1983629
4249031
3599649
1031619
2649872
1240072
2531350
2274430
931799
791359
286826
2550892
1842958
1034740
2254735
4581112
1694601
1635757
3386778
1043999
2748113
4547493
1336904
2846260
5177055
2922982
4212246
5468324
1290697
1686152
1113779
767899
1409915
4874496
4782586
1384444
2899645
120164
1847207
1787050
960348
782944
4527097
2588069
829560
2962999
737168
2813853
2858472
2427046
2793241
1376513
2763786
730605
2363110
2528516
1230514
1576972
1769038
120521
451018
2179981
799012
1337945
1574537
2043804
2711833
2699951
1949201
958953
1464945
5383465
1810689
2282743
172313
1475408
129331
2790144
2043384
1293076
1409314
581049
1022481
385649
506876
2491623
2153276
2308627
2968566
452049
1360856
1819117
2076950
1847567
1682340
2843182
1210345
360516
2198222
729746
523060
1748034
3677457
3266955
1821714
1732568
1230152
208903
1960505
2009372
67256
1593375
1622661
1886420
1924160
80091
1828798
1283948
1501478
108946
536457
2187445
1441206
1365401
1223968
2009293
1827439
629414
2145222
945200
4146063
1856874
93263
1590911
562546
470968
1598022
2337453
1164317
1736598
3154103
2897768
1659040
2746745
251452
416397
1616157
1372143
981095
696079
2891471
2448835
1305801
2532951
91150
1251428
2898258
582233
1917293
2588188
777138
1982523
1488596
722392
4112238
1358170
2774343
1487340
417298
565316
1048976
2131086
3131096
2202768
1429506
621784
5340162
888834
2983146
833672
1156368
791002
1508587
932596
2945275
13144
2281465
1650481
545467
150328
2103123
74226
267822
1037178
112156
5765020
1081722
4800354
1460335
1501057
948952
49941
2551634
1867683
204408
4909334
217694
1389617
2282834
2507243
827715
4534398
4432395
4766772
419621
717915
2917403
3264702
1272557
456510
1040528
1615194
2673248
1887599
318352
1015324
2674857
5128133
452032
481030
2007306
206983
2315940
1490658
1792424
159850
2174952
1964338
1339525
543953
1776707
2622666
145764
1270558
1034523
392616
1076829
4746107
2443312
72073
1211114
2488876
1379977
1970267
783498
320719
2912985
687615
2890406
4322127
246490
50683
1460989
2762321
227691
4896566
2878825
2783796
1656901
2012017
1823769
2069744
2712546
4192426
435260
2085932
2183802
4742049
2134799
2716073
2586808
81659
2435489
850340
301905
1161198
1517452
1958235
2502755
1965143
1409743
1853123
641337
1443810
1002605
1965565
2808810
2108332
2876082
1478884
838645
2950256
44979
4794035
2876715
2660188
202498
3619078
3828418
373837
1639906
159666
556489
2032195
1943853
2085593
290903
3660265
2308943
218868
4783983
1304270
1571214
247934
2616560
1198730
2579227
437133
2360785
670343
3358681
355260
1504467
4359741
2467113
1360851
943256
2629829
119609
839290
2922321
2235289
552545
1172919
3788850
1927764
1310839
1303497
3479570
1343928
1252591
1710117
772366
2622864
1192218
1873830
5772680
182600
552611
1550164
2571504
2834667
5697572
382081
3344892
5826030
163882
2917775
757754
5603195
2228338
1954641
91922
852377
4521341
3327872
1908684
2539286
1350364
1301747
1980298
101675
996615
2849474
236205
1417042
1247706
2637937
421876
2788907
375229
2659439
794746
1283063
4319009
531949
444720
419778
2912948
674342
1802294
2016245
5393535
1534711
1371680
1075720
1723080
1832569
2115527
2484554
1907877
151767
867988
1177280
2473547
2942304
2412293
2132504
976488
753334
83536
1052284
887600
500445
1794145
419104
1648330
28517
541386
1731210
720371
785836
1895405
2508917
1865321
918091
644905
5144345
1911492
553479
857206
600728
2594777
2615837
1842915
2273630
2116981
2608166
1050495
2055726
5027189
1856365
925480
2759999
1442907
1517241
1298529
1469289
1410667
2325154
981928
2695950
1156960
2598438
837787
1888137
2298153
1966629
2446195
449851
5473804
1004301
1680595
1425508
2303279
2325515
2052661
2258531
2321132
1210451
897819
2615218
2925229
5184620
668987
717973
1685103
5755232
583835
5992882
1331173
239360
2918421
2782487
2443227
1340609
1140892
2959617
2702753
2542239
109631
990608
1584465
822099
159492
1585808
338185
2273929
535255
5625885
2770199
1460086
299810
1138869
2442473
1283970
1269602
775014
3570026
978730
1892302
5325952
2065719
924033
1104118
106084
3510818
2452435
534641
912581
2583702
2634882
964941
689142
1481459
2752665
1454082
1953444
1851888
453889
2993153
283562
935532
178223
2968382
1410415
215986
1544387
466078
5776
1494361
2466816
1198984
873984
1107215
2143566
2594182
1215292
2722628
4886561
2205629
2674406
1446212
239252
2195493
1179054
1676903
211822
2122944
2728768
563996
2216750
1688247
1509247
4578829
1013325
3086929
1433454
977377
1662065
2960641
2719654
125954
473620
1923064
890895
4469979
983679
1045975
270282
809742
4842639
1279043
1752430
446157
976621
136629
32939
3459247
17131
4106513
1645240
1634620
2671823
3485976
4523622
2624453
5360072
1333064
1576645
1892745
1024359
599332
2253868
2183442
704422
567226
113144
1844943
3832164
5282709
2883510
5227010
305300
2424007
2533391
152255
1330716
798536
164939
359618
5708084
1656651
493559
599954
606363
2035470
1412283
1127463
47047
1528363
4479959
1358283
394930
1160548
2220111
1119743
2030871
936240
5333833
2661345
589938
2816291
1926104
2986260
1518183
1225180
271603
2273421
373844
3966
799785
139799
1710905
2002327
138253
2948406
876832
1788653
2948161
610709
3567610
1459022
1142930
845879
1767191
2700755
674203
1632606
3173417
1731676
43871
517943
527750
4241930
4722871
351488
1947098
2956180
14198
4230013
668964
2282009
4985214
608584
1394006
15934
1954298
592732
1168741
765773
2349079
1663003
2572707
1170426
3449763
1328807
2178488
1503387
885782
972110
2231696
2015377
2554806
1058168
861547
76858
886435
533246
1541614
2765728
2706663
2475637
5209078
2433434
1659339
2665866
5360259
2054119
2060845
2159691
658012
760194
2900173
212484
792953
2260253
538852
2189971
1068187
3639
753529
1802763
321071
1076139
4101335
4451340
2948835
2144788
4189056
1566352
2880228
1537796
2847759
1860943
268099
2597191
1832036
2009081
587830
292451
2359757
1683348
65900
2189797
2676828
2215475
2916085
2969005
2092114
102530
1969597
5759925
5411285
2226128
803304
2536971
1490839
164647
547175
2263544
2771842
1878644
97766
1808826
989537
794291
1445317
1589324
2926650
2493927
252892
319686
2312283
1061306
67535
1259814
3522568
847322
1171575
4587568
2459832
2664625
1007966
1683577
378685
97908
3407885
896243
296506
1337813
1269175
26075
1968119
1683610
2221361
1385137
209264
3501874
211386
1990198
1990217
1329041
4929337
731898
341284
558017
1800847
1920141
352790
204691
1532270
1780409
2595613
5892644
1793078
957861
2115568
538674
513765
2130110
2236882
1491011
950325
1769766
2774448
1110848
1858718
2809792
5850586
1697811
1899234
1597658
4842424
90880
2083185
2465565
243024
2445449
2631189
811010
1292119
2745754
2177028
1439435
162526
2921465
2013824
1313080
1740504
2372283
495572
846411
4966649
796035
1525071
988265
4602008
4854315
2245282
2785034
358498
1856957
1504896
571126
1375616
2060246
2564576
265854
1269954
2102934
657302
833223
1118059
2726351
2165275
458637
742227
1763779
2482267
1769173
2359243
2007699
2929591
2273848
3003757
2505903
1474624
2730595
836400
719330
2680709
446023
2933540
531737
4024745
5522393
627483
2183718
2206434
2541705
1174625
2244671
471362
1459929
3518216
318998
976260
1969811
1397145
1641134
1672178
603094
1573003
1052996
4779883
1142143
2504101
2433799
1279171
5205405
3812939
1132894
2995128
1829268
1300749
2369748
320017
1362815
1740402
1352377
676268
2713933
1880247
2331095
1698957
2601083
128205
307520
2861281
213452
1192227
1652888
1553355
2258275
2542843
1133942
1253258
1388792
5653574
799654
2273114
4209683
13346
1634463
1089040
2943628
2061607
1256590
1942419
1857838
266478
2029758
605569
190796
2526814
2511015
2763053
1659509
1458142
1383489
2786779
580484
1421766
379063
1368638
2636356
49895
142702
1191728
2146302
4258665
2733637
827083
2841072
609738
773457
2262374
1044672
2257477
1223764
1110448
1843258
332499
1896173
1125801
2611191
1075856
3513431
2643031
351908
1736888
4613388
332297
4141422
1721339
993977
105852
453328
1590025
1989069
1018951
2627206
1552420
1994941
1458303
1216366
5887218
667589
1893034
2529116
1457264
1616388
3057814
2350130
2980592
4732289
1328839
2918265
358200
1814663
1088870
2421992
2447660
1258683
2813774
155006
1921113
2291761
827241
2670807
3724851
571829
1581154
2393688
84554
2941817
2857225
2445660
2970357
1639978
2050863
2837871
447893
2863363
2869445
965115
5211378
560572
5992442
839297
1191494
1980236
743897
1876430
2072428
118601
1099236
1914742
388317
4390527
2010404
511749
1002751
998890
44276
2930923
1770990
787241
2108646
2202680
3874350
3200247
1781794
3031073
1301507
1313089
1931646
1304565
49114
1450963
1749373
1058560
3473915
1139157
607006
2404922
2787344
973715
1337507
3894004
4005589
2892180
1789592
1438589
15764
4291691
2759956
2517348
2857273
709853
2605492
2804104
2331870
2067857
29049
2221286
335233
5947876
902541
555569
4865883
46290
966675
2872555
1211320
2937034
971995
4364636
886917
157475
633481
5864637
979973
2884105
2603383
2973707
2529763
1722246
1591266
966330
816360
396772
2683017
2993675
5658563
3117479
397312
2241532
971807
2401476
947222
1207571
2291523
873802
602241
2482659
2676270
1383998
2451813
987192
1617460
1734858
664811
203095
63915
102782
1314753
2778129
1193658
1838590
1143662
203932
5944021
122661
1480193
4699873
456804
1426833
1469402
1075944
851440
1677430
1140073
8439
2893414
89577
2899600
5167630
1853192
5358870
1037668
256231
2102541
888270
2133240
1597290
2062318
1486553
1377339
2896103
838788
73346
2620634
1255996
851964
2043095
2084930
2158207
135505
856033
598550
5497363
703439
2321046
2330402
2247543
1520429
4625436
1982213
1361019
1011829
2195463
2150464
2681286
106951
2215963
2715531
3362572
2163516
14173
1453256
1920130
679832
94385
3198934
2946794
1096669
1669644
2077627
2407327
2506612
2946070
1403794
615870
1785880
2825459
2173375
414406
2324855
993962
3501631
289254
2359067
2077714
317358
1782083
1195727
817187
5112060
5012579
748216
2516947
2506419
937367
1965055
1265379
2120320
5497190
2404195
4707530
2742674
2415669
5411869
2647311
1149746
2727355
1573871
1314403
1238402
1329066
732636
3198892
4672079
349492
2634821
356362
1796962
1159504
1031664
48799
1944014
1990742
2199479
2447433
317116
453174
34387
371697
2339627
5968707
233907
830358
5833612
2304670
2848109
1643820
1049317
733875
1892383
3737466
1077180
1813469
1548143
1373352
2106139
5272901
684162
918333
2107348
503193
106670
836058
2716199
1643352
1801860
1945612
2935487
2799796
2145530
2646897
2390050
975697
1742628
1051573
978625
1723234
1095507
2177551
311478
2031714
1217082
2276733
2979665
1353224
728369
2843996
751778
397550
701040
491254
2051107
261010
2000820
1350953
656320
1192313
754497
331348
986263
1579742
1419024
890451
2017281
2985523
1404886
1185812
2266856
1471818
2102897
2549617
167863
575529
1663765
4293997
895804
2484805
2589222
2612149
2061551
2435984
2984604
204275
2421975
853240
2797547
400636
357070
1970404
2924800
2011452
914794
1213003
279312
1270627
2638783
1284623
920464
2232611
2682006
83665
2247202
3323005
1329720
507739
1794092
1845450
2060607
1155832
1412068
2212215
1712972
268070
930165
2068257
4253992
191663
2035010
1558857
451848
888309
1287636
2122592
2472806
2413003
5904848
4879601
1903121
2523409
690488
1672087
4213248
2623729
28459
2197181
1992312
313598
1443442
2234473
1516426
2419030
4289860
1862114
527826
1269602
765760
1850655
1419916
1873395
1481761
1846907
1549957
28343
1557250
2285872
262553
207562
516623
2074907
2402502
243223
5183447
1938762
2123029
1835943
1800742
1781249
2206127
5392940
80941
1328806
1802173
2605683
477498
186277
961917
2700672
620862
559626
641053
1387241
127386
774974
229444
5334728
275464
1270553
1080939
192355
814048
1657341
5008138
4972436
775459
2380253
2689330
2572453
1619728
5077457
2428837
1404330
2115417
2799093
2930279
1176861
1613373
2173137
192505
2520391
63490
1763536
1511680
2239907
921668
1067569
2271680
2562858
241691
4396052
2188948
3338886
668213
2084342
211404
4193801
5150994
193125
690638
1538857
681016
2498308
20323
2842121
2098506
2362095
176310
210636
313235
1425297
2134372
2902003
1372397
2816079
2895241
2949573
2898325
215892
237264
1553099
535392
1790915
668605
3026633
1615901
1299750
2356956
1174105
3386307
35523
2972156
1219236
2114186
888635
1473491
2403019
228332
1105863
1923041
1762051
1962033
2301397
1931013
1283222
717417
1029428
2239549
2903152
1506468
2247133
157395
1447885
2875225
2364343
1265873
1411389
1577149
4285245
2879764
92557
391188
209859
519276
2703058
1783875
3551229
154808
4076340
886162
2552847
1039481
511448
3573812
1672740
2272765
1588108
655607
40788
812454
2771924
1345836
297739
2116857
2931888
5214613
195478
1297787
5957878
506193
2259240
978217
2876785
1711242
478895
2979814
1042346
2433507
2680767
698001
2770015
408512
2593719
403143
1635534
1347963
878127
1756366
847511
315982
2818545
1456277
139819
664653
561317
652501
1343250
1523135
842813
2407329
2602501
17307
1698470
691801
2355525
1221804
940685
565329
1741094
2850552
228461
2354233
2870315
2229901
295344
5455337
3726324
4908398
2437686
1779675
1019292
1229133
391292
1020592
4170052
683125
1888095
2121006
377088
5896297
1894227
1471939
551266
931006
4325004
2991562
1701132
422635
1139042
902943
1866831
2152698
868486
2944172
2853145
754363
1084668
4168877
957658
1219065
3702802
1161838
471843
855195
1000110
1517945
619573
1679100
1126814
945345
1746889
1354175
2528724
1306980
762319
665471
1588982
599499
286291
866444
4685989
1669360
1993536
1020514
5723223
2234274
2528687
65763
2520365
531080
2464255
537842
2428481
2016924
483584
527306
2873963
2940174
242804
1147375
1009857
2400666
1433662
2208074
1236021
2175221
2502287
2565934
2445877
556377
1299842
1652571
2816741
1391288
2199521
1671490
1894059
1287516
1200677
606710
1305166
2785313
3902330
3266179
1897612
716933
1142001
869214
313215
437731
2922949
1343704
1314356
1381996
2953106
4904964
1263450
1910474
1133577
1540397
26209
5519736
2558771
608964
2605506
1640482
458112
197603
1687540
2168596
407377
999971
2930551
2168271
963463
4999282
1729431
3322713
333558
2005010
1475954
833878
647988
13667
3408341
745775
979191
1824772
1773762
3836126
3570480
1815884
901737
1185808
943356
1703968
1195797
2989215
102722
954876
226606
792545
283010
694668
601142
5788355
1187793
5010131
529271
2506786
2785417
161514
416443
2391548
2180913
529138
1183884
2109828
2991821
2352969
2488119
2468690
1806816
1451420
1163365
2636787
987333
1602281
2999368
2389457
1499051
948052
2613010
409726
4504162
2711016
2094811
1916879
5517433
2176416
1794238
3172240
971171
2143220
2079064
2229425
3068082
1733825
2600029
1895788
1793412
131281
1333584
248901
2481646
664431
1904646
216724
2369595
1726190
1591706
2728504
2073286
767203
1777630
2701554
1753045
117861
285039
2152540
2404182
3747012
1282006
1159132
3065595
2609502
2005886
5741232
370468
605439
2187905
135513
1375437
5645581
394627
2595567
2111614
5484151
2394147
2431754
387357
2850435
2922704
1713299
1933040
3402756
1441354
3573615
2970664
1398087
326115
2969455
5264969
2483857
311880
1381277
1815979
816118
951742
196686
265384
2952585
1105963
1195596
2628860
2619310
1351343
125969
1878682
1230489
371204
3291740
4450263
1935671
1074430
1231983
1376323
3824252
511671
1728560
1548622
1633193
5883126
2942528
920698
2875760
5068735
1469178
686479
1938471
5207423
1779998
2643993
2273197
2298251
3256989
5185525
1731638
1978326
5266174
2137287
36733
889348
2040972
2881498
1356742
527177
2213445
1983183
770631
1702046
1931411
65104
1472078
181114
1187487
2875679
401690
1102065
5700973
2074372
1727265
1957234
2606659
1085433
5117983
1012476
1834833
1699240
1377734
1278545
677103
1746455
793517
2969808
1195067
1475214
73455
4221314
2915088
529411
4064721
1122937
