1130641
4681011
1616191
660296
2741478
3187890
1652982
1599026
1029250
2206529
2636866
297700
1050691
2048348
314220
4334353
1782132
2342710
1005228
1861756
2389210
213411
3411662
168416
11167
1867129
2215488
1147431
1045761
1777728
2581248
3559266
2300004
716138
2633660
2016377
1053789
2466841
2811453
817179
138592
1212468
4118930
1639313
606084
2635566
1272021
1684168
2448442
2493427
1048584
1882777
594179
824872
1629198
5204511
2588889
1508191
670593
4161621
79436
2079163
56806
2617923
5608707
1021441
1924197
1010575
771460
4354496
2618627
4281030
2899145
2050533
5099265
337157
1636927
1481303
1558366
2304541
1246791
70362
1812110
2635566
2127186
98787
6121
712847
46403
577069
790086
1681527
1535759
3423495
2828314
3242695
5156723
1623259
3920113
3184702
662267
2014610
422327
4455913
1169284
2766629
4199463
1668343
2251115
551889
517945
510247
2899930
1995594
226521
1633220
2132071
2721300
2942520
2209856
2097453
54850
2548216
1076722
1979198
1405040
2363309
941633
2440016
2768674
1711139
2112029
47583
1124154
2718240
1435246
1279292
1348656
504112
2677515
3092193
84046
2345663
2930740
15858
375905
1621741
1591868
1885804
2931263
1586298
13268
984226
2828786
2112069
493302
5380360
1484172
2537961
815285
2479040
910988
2032779
2971844
2713601
2080180
5660202
1274413
1663494
2820267
2571737
2093436
2077017
2184251
5129406
3484115
2816283
949237
2510909
2973155
515937
185670
1084247
2535752
2095422
2119970
1008504
1589095
446515
2421588
1200530
1669499
1269684
1141098
2579841
1258488
1003508
2782515
196892
844379
37497
392728
4988565
847414
2313484
1974236
2842139
2914104
1976942
1322090
194932
231496
2367144
3125796
2930765
2075517
2223342
1381327
1494044
1078010
876666
2369559
522985
3740647
45878
68523
252001
1283150
2216403
1252685
5297442
1109145
633288
1669705
1211490
1887494
2625719
1104770
1012647
1736623
1226592
1526073
1220830
2795469
3014433
2418400
2413952
515335
2968245
737589
5276874
1839787
416075
2365705
1136775
4044498
3952419
5183013
2507716
816224
925822
100998
1018054
1420517
1166439
2751985
717519
2850096
2109445
635969
218850
552100
2274919
2145681
137456
1769289
762732
2621573
439470
786868
315477
3506843
5156906
75811
786330
1717928
2154622
746178
2985075
2273455
1164982
372988
898680
1757844
2205899
2979433
2173820
4331775
2467922
1573844
779284
2393045
3592301
1650082
3131767
1247471
1327772
1226592
337247
930388
1382420
500751
180389
624537
2089144
1047553
1045761
1711139
1646905
1138873
1136905
624578
2388942
1448682
2944679
4639925
120328
237849
918916
1941941
4185716
1537762
630453
1731179
890404
1923847
2267302
2615993
2651434
1954442
2551934
2929899
1869615
2062098
884434
2229043
2433456
3562283
953734
1063781
383794
719163
2986699
2369156
175102
1650799
1399865
2915699
1603517
443223
975974
2045730
1743471
1665607
2895823
3560120
2932575
5848810
2037615
883171
1049989
715532
1474939
1537875
1734152
2076456
2619098
422669
2413952
2389579
1820973
299951
2643555
793583
2124536
1528702
765123
132717
1740009
1785083
396004
5468507
68804
5539117
305575
2986779
582894
42002
5804409
428615
1014520
5163119
2636036
2208805
2291772
100642
4545893
2611090
5347179
2973317
698293
613954
2399211
2246700
518453
510921
1205929
1107211
3831952
937630
2351415
985281
2195534
2753361
492301
2404900
1153771
678078
165402
253798
776493
964051
1873216
1458137
1594399
2861893
1212468
1717928
2210023
2437925
262088
1278579
2515353
1081758
1644708
2260453
794983
1874848
2859368
2635566
996574
1594399
3688819
1842771
78499
1200530
111954
1940012
2684725
1899773
1644076
2051658
337247
1509618
2515133
2105148
2628815
1131420
2041855
883398
3191223
22389
2072696
587586
5016285
2835325
1178603
455188
617212
2562627
825730
101446
1898366
2717372
1198951
518453
548450
2726818
2551773
1054977
2520041
454511
2652928
4155133
864988
306611
1171942
657074
670011
337157
5890133
1514300
139315
71
265625
2696851
783536
38491
1045873
2511378
1928828
56212
1999891
471400
2401195
1267948
1081865
2636705
889682
4631100
36609
2806743
1453553
2961412
2267759
1048237
2308327
1481610
2171081
1035905
3463325
1997730
2700754
578106
1917819
1043894
1598897
493518
5722648
1439263
630453
2165008
728165
1810855
210428
2182073
868913
2722889
3944784
5706093
2051735
924606
174388
1835787
2132273
3448527
1666483
1667675
2894117
444578
2963412
1120596
925251
409937
2308522
467927
817947
2189198
18902
2154344
1282828
1558366
2495152
1414966
4294525
497831
2100740
2953362
164401
1253767
2516780
235677
56148
191453
84046
740626
239420
1299561
4416696
1954296
1643938
909669
2782373
1723118
179608
1746558
163440
1704596
1059913
319598
1753028
4323923
3198142
1914405
969094
2784778
182202
322990
2599957
2485828
965003
398825
802642
2231392
2049052
240635
2913655
472890
1729945
2431762
1855733
2442557
3197741
1926025
2789460
2321689
1150198
1997509
1178414
979398
1514705
387838
1486799
4790254
2249250
740810
2650071
1637176
816224
3147539
1270906
2449133
485452
5298640
1043682
2490367
32049
455474
2582760
2424812
2707101
5403289
3626482
2243782
98212
1196964
1272693
1890992
4156058
2448426
1463310
1718598
2198321
434308
289819
1492352
1825445
1435246
2948681
1676520
285727
376509
2229001
1941083
653110
4188437
2633660
2145085
4864031
1685378
5072077
4368688
2088586
764508
1326951
1435058
2617146
3975118
1996707
1096348
1507651
4719837
5119855
879946
1752857
3612154
591131
2891564
1354810
1733172
1192806
4485932
1374237
137605
492106
3887955
2011090
1249919
3675266
139315
379734
2942283
2946636
1323934
900699
2588786
5943606
2571549
1307622
3357850
625694
1753596
1214059
1270603
984226
2231313
4242922
2811641
2844684
2932731
2995726
1160904
449840
11358
2896404
666679
24758
2397843
2119825
1030363
293856
2391991
2055165
2032653
794983
264701
1801340
1382874
898845
2333753
2930740
432068
495508
257091
626903
2431674
1161705
238083
2947500
1741698
1722155
326862
2230239
4431750
1616683
1608182
159311
1517583
10754
1758943
1313644
2548533
2372710
691865
233374
826583
2617250
913867
1171784
1387813
1708864
2165008
240931
1842196
824872
728641
3136161
84046
619935
5057107
2372777
1885461
2111510
2507293
1292297
2881803
909863
1494166
384721
2820553
640750
916077
2510909
1147431
615852
1451223
1065685
2001659
2360691
2031361
539103
653371
1062244
599552
1274413
1355331
1932979
4091238
1682235
1183931
663161
2884185
2145681
1084886
207596
590749
2782981
5809567
666852
722112
1636442
5808132
332121
1671903
238083
2282033
2479040
1414770
1538369
2055165
4271895
2466841
2458045
455218
621359
527592
675620
1392677
2352046
1722512
634209
2205252
931326
278681
1104770
5420505
1611178
2155432
1981526
2386725
368927
2554432
916175
910615
2501676
795005
591131
1788050
150669
2067713
1981526
188791
844379
501667
441252
765822
2946630
2358958
2246493
2094717
4550887
2016981
1918343
3056689
102635
44880
1246874
2238044
1851258
18657
1451223
1606530
1567095
2520845
2157669
1349231
5708394
744207
995880
2626043
179853
5486023
1494044
4107321
1984046
2539617
1645975
1715480
2043034
2249250
1086337
1407920
1485919
753401
722230
164401
1439892
931326
533978
1602375
1607770
1168989
1380217
2140394
665553
390625
2417025
942560
2914882
2904046
1370228
1321255
203813
1389669
1771564
495508
1574519
237849
98787
3156053
1240315
1968692
1828617
838691
2282716
1125598
2031180
1170009
132689
116839
1209917
1392677
1078012
2053539
1461722
56851
625911
1517583
2443726
2259204
420436
1114378
2652928
1042712
396569
204138
1727959
834662
3690171
4609466
4160603
2859451
1691809
2272512
1142186
1738530
2664739
2601875
2625750
1598897
2839315
2656032
2023518
725980
316147
903140
1248065
2685898
511491
1637176
1739331
1552802
2210023
572866
2897077
2274919
2614397
1198951
1722512
2108059
5104506
1093771
94163
2962671
266181
1817269
4444744
5291720
983791
1974132
1984406
2646662
1271694
748513
33905
112957
864002
855385
3184123
653371
177397
1728032
2032005
2093755
2393780
2448442
997975
1407104
3282
2612646
634209
603248
3708412
2851054
299315
1878154
18857
330944
342461
107591
2781531
402310
2117462
1980057
1148401
933684
98212
2625750
2093211
825730
2148261
1005173
1540091
700192
2638868
2100666
2869783
4688368
4436282
1436878
1924070
488111
671758
2628573
763729
485977
2526973
1153771
2734359
78499
1827980
592032
1636442
2522202
215831
2908214
561369
2391931
1997870
2943906
495095
2527026
117811
2781047
911849
295231
359839
2800222
2797798
1656594
2481793
451222
1637176
2142501
125454
3198292
876623
2322109
4515590
1067186
3960867
1909551
802642
4641918
2002707
1393505
609232
2255447
164401
516910
2443371
2414056
2812325
952309
255490
247367
3713811
4878807
3203641
470307
2371924
2861452
2166879
926526
752610
584183
278019
3673846
1014520
2874700
1357937
3918182
1709735
2400518
2843358
2260228
2507293
1537078
4979396
2588889
3202021
4726899
2092191
1863469
1255848
5078763
198544
422220
1265707
598579
4054
634258
1528535
2866320
4833517
703609
2904046
2615263
1970990
174281
414791
983791
1489470
2521095
62994
3557496
775641
2093283
2879234
590749
918916
837160
1415135
2465782
2421392
2728125
461130
2408800
2260453
3560918
2429148
868913
2104849
2738397
915731
1513561
940170
503342
2915699
425777
1758943
2656473
717771
3943
162926
937732
2469242
804803
1251767
1888277
4910400
1501935
5610837
3989559
2470518
170005
1136887
1579243
422669
4298987
2137922
2467922
2266831
1648146
2919381
5753720
1100390
749801
1648048
1669601
1837591
4635530
1078010
1840494
5640540
2495709
116839
1356480
179864
2895823
2664739
2260228
841153
1914282
354804
1445000
464575
2653475
4428010
2286842
774113
1573134
1818949
1551081
5937321
3700701
1073586
582342
2093755
2291899
2108400
1431113
665118
700679
2267037
1117861
211423
1150289
2121475
2107400
2007103
1273779
2618506
1228658
2634243
422327
1147367
3037889
1615665
1150289
297700
1050691
139315
1485732
1254821
2252798
2548216
379078
528199
1247471
2625750
579964
1970004
62262
619860
566410
1292026
2944127
227846
2007104
593371
1081865
325062
176306
4962368
1715480
1595814
2853875
1982260
5275839
1035686
2962671
2215807
5714241
407492
2067287
2408766
2233270
258531
2300873
921916
2594388
847187
2154622
1249919
2569808
1014520
594943
79436
1386717
292555
411755
1680688
2864990
1878874
968972
1234835
3688507
2810000
1753341
2177331
4515057
1299770
1365443
599552
1285701
2384754
1628334
2165568
964051
1265707
2171024
1677964
1426119
2568733
2678958
5647621
1640355
1849069
3291071
1196787
71552
1473295
2238044
2347564
2099121
2819854
1763347
506851
2279335
392208
3718380
1520617
1433019
1367691
1269988
2561509
1431257
885293
1406008
1825568
2693630
5399479
1090420
5370276
721574
37781
1149518
770473
56148
292555
1955590
888156
1722102
4951596
1949066
2298405
1719331
653728
189802
2246068
873578
2588919
1830252
1280144
1240232
5459010
1466335
3229691
2808274
1414966
257536
2235134
626503
230583
2551625
1138873
2724148
884434
3983578
5244004
513476
994056
18902
247962
1865266
2888569
2563411
914115
2483720
1645312
1394563
1588399
937630
811695
1962361
2094851
2992848
2553253
1914282
49965
3793079
1726672
4697972
2913655
2384821
2952702
1474939
1443021
613954
2563841
3414414
378064
1515258
84046
1030941
417409
585154
533978
194932
1318972
4790616
1407920
2524763
2549175
2569808
592293
4851746
1662868
1239649
2813880
1594710
1074957
1059913
1147565
1692122
1727125
985281
2664739
1065685
3506447
2963491
795679
1129753
1433219
1679300
305158
406355
649908
2782248
2861128
1682651
333985
1971849
4700434
517945
118725
1258488
139539
609936
2375754
1576095
3335719
2932753
224868
2220133
356631
2728125
1396822
2185406
8388
5681283
2524630
2420715
1541025
4582555
2009039
1137494
917322
2669675
1525789
1537762
2930376
828348
1887353
2948529
375411
1593188
1505535
1872440
2007104
2887370
2966732
662267
2593262
1690994
608763
340470
2293069
1678243
1411584
883398
1574797
2180730
2721373
1895771
2483880
764508
170005
1754950
2371632
2311290
1665607
2093436
634209
2907557
1947648
4830797
2941580
286384
2082137
1596186
1978407
2125256
2024782
2551934
3396620
911962
2164021
2493938
118725
2693630
3921021
1392170
385960
4163279
417409
2405411
2129774
315477
1487430
1717262
1674558
1765836
2477199
5702597
2766629
876037
2521095
250666
2431126
2293643
2456991
2903152
1419110
1148216
2760048
2969006
267748
826478
1871324
19378
1459001
2679057
272218
2228412
2947500
1755508
5483171
1821600
511753
2293069
417085
989361
2337133
870408
2638471
170005
166391
1282479
3418209
2045730
1639993
401033
2498854
1239444
1159424
838615
1331754
1511115
218850
456163
2250821
2906989
2348706
2420613
2023518
1071769
2150475
1997992
179864
168420
1708652
528199
2909665
233533
2340769
37781
1274103
2653334
2967921
239065
306047
2650248
301408
689935
5576
2042059
1925399
318383
1941558
2089144
1165627
1184084
5413377
1471537
20747
2199389
2812884
1273164
1777848
231496
2507716
767035
1865266
1131420
2861452
1753341
1598516
2399882
2192481
2123817
5799222
4764271
2530940
1352017
3751618
1767635
1534446
849522
2886383
1652394
4547741
503241
4049460
225551
1319271
1224568
746063
4112936
2006387
65625
863829
2042878
1252281
4607514
2580945
812809
2495152
2845165
629979
62689
2020803
1156452
2847623
864572
2960708
1787199
1612385
1622926
2338979
1056110
427677
1426119
5416490
976613
2931263
250666
1836926
183278
1039421
5971014
1566681
2966894
1679300
2839653
2841368
1388828
2818934
479792
2389585
1842196
1400358
243606
440657
2424812
885453
1496704
2461580
2097548
118725
1556524
1953991
989113
522992
2713890
107591
1993500
5327209
5401542
667985
1439772
2354384
57017
989102
599552
2114140
3251187
962209
5797975
1564596
1308291
602374
461309
163440
1297701
585271
306955
1027953
89994
2507896
2394875
237543
2828314
2314063
295231
990269
2447038
5529227
1912035
1821600
1706348
1186010
18339
1667515
1889897
77458
1134438
597639
2452468
4901038
2700754
1922181
5750138
1423644
2312642
81434
175102
1421870
952061
932581
418550
1467697
2321689
2701564
1786094
2997879
2406169
2960708
4638510
5268242
201821
1117506
1886988
2180239
2105298
2275940
1708864
2595002
138592
1777956
3316314
2079662
2674347
2690310
1135009
610669
610669
2039575
1178414
265765
230583
51658
978221
867783
593589
622639
325062
1869155
1835787
326104
1905805
2839315
525349
163958
1753341
2535161
2174050
759590
123445
1272246
2063377
1022242
10754
61712
2220133
359182
3344341
633870
666411
2744282
2947536
2207651
2343488
2576863
1590622
123758
606084
1415113
664591
189643
160556
2284622
1287423
637077
2037216
2587655
1650995
2384821
5658107
1482449
2219325
525349
2166575
417085
1590622
814015
2366313
96046
1441292
1008244
1246874
2456991
3159941
383683
1970004
130031
2899145
347902
166418
786330
1606530
1778065
2751985
458306
824197
786330
1022878
8441
2562870
1011345
2637269
4580898
1190289
2205252
3460106
172014
2032841
2512837
262098
1478198
1224006
2037727
1140855
760324
2259204
2617146
1564596
201821
2264752
2132800
2868636
2415717
866730
761063
2520845
3406536
915951
585154
2659718
868790
543592
489963
1381327
1224006
2967339
5372804
1287234
1426119
1921787
2527521
1126592
51658
1830157
2510909
2509355
2529966
1404988
2694652
4056699
2129087
2652928
1628038
2238366
2611090
2418400
1065685
1903370
2624204
1244023
4663235
2729908
295533
563325
2875174
2606311
2670796
1560208
455474
2946612
3316123
1220980
2547828
1948405
2476879
19638
1999285
2024672
1907665
1939539
4615902
2333096
326104
1966946
1317798
5389707
2917576
251316
679007
4879996
126215
1133780
744878
2969745
3137473
824872
5068776
168416
1777956
1364463
624578
1802043
280397
5155425
2180239
1168989
633754
1953991
448580
2417025
156759
242626
5288507
719430
368720
2799220
169083
2164021
248396
2979433
395418
1965461
2360715
1911874
5518296
1159424
4575646
1999891
2126821
98496
2222309
2222843
477421
2260453
2351197
1657266
304349
555391
815857
1707614
2840983
3915391
2490129
1028659
136368
1272693
1683846
5551597
1200530
1741698
947010
1309717
1382874
1467221
2873283
211423
1753750
2024782
1338988
721384
2477199
5524217
1467303
1706606
2975025
1258747
1997730
2154344
471739
2919096
1829876
2426706
1083404
2872341
2004231
1953991
554110
4665721
1728798
358289
2407673
2165008
444040
103096
2343331
369701
694352
116757
2272216
5887787
2930765
1788517
2132590
774113
700192
2624516
448173
331818
53959
1155080
1304150
1347147
2164021
1016400
591421
2825068
4312091
1248347
2835373
2777597
1915481
1393505
1108259
1396497
1364463
4860250
1551081
597814
715240
2634023
1958039
1675494
1094344
296422
1688239
1768988
253798
1053748
1970769
4227010
5947004
1472986
1574797
2646662
876666
2412368
924606
1772329
2674291
2518883
742287
1160904
2867766
1923877
1012521
1137652
1707929
283124
881994
309783
1656910
2509872
2333096
665624
2032907
2355917
241855
697690
883171
252001
2865900
2164021
2083093
3217038
247962
256926
876471
1150198
2452468
2072073
1590622
3540328
2632536
2899145
1145280
4205609
2990490
1242657
4377053
2945013
278225
2842266
4478227
2360715
881994
2690989
2367387
1727197
1101175
2127563
1296557
2969006
2913683
2800878
802615
2669675
3219100
2001772
1476005
2884185
4306903
1993951
411585
2002984
5440158
2611101
3652037
1903370
2217497
1269743
831143
1156009
4003032
555901
574065
417409
326104
1258879
1500297
2142318
2224216
1200530
1286340
242412
995880
2766920
1818958
1869898
2864990
737589
1765508
2272512
2684509
817947
2690089
2106561
1801340
2363309
464575
1680458
771460
2307151
2692730
1924758
1389243
2729189
2895823
816294
1348323
2998486
2180239
5853078
1066082
582894
1304845
572163
556902
1266331
2945155
550033
329443
2330260
1560130
751040
319712
3912869
2097453
3770870
1515258
1980152
2886318
2907557
248396
1729945
4824106
1505138
733558
1570364
2207942
1638822
2165568
2643299
2189951
4491613
1197309
587959
694812
2133864
1809485
1386780
1186010
802642
1176636
741268
2116581
4702728
503241
379857
2693378
5808263
974809
5489031
2963575
166391
249121
2668497
1146630
2393700
125212
52864
4869664
2093211
660296
2700064
2289651
2350360
577389
961256
1914431
4077928
1902970
2512073
767464
1532309
4800052
2238366
402457
1879551
831537
2452920
1452446
2480871
2641449
379570
2693378
387512
694302
566532
542776
1376659
2901892
937732
470882
1938240
1997730
1788514
2246349
151128
1053240
1995594
19638
71564
5490063
4756370
244988
2272216
2286736
2129774
990269
1224568
710466
1163938
1289612
584869
377348
1947738
2626043
2624204
1659600
673592
2509622
317971
451926
2215488
257349
91097
2721300
2592602
1938663
1480365
1768753
3973569
1809485
572163
404864
1064339
905083
2892393
1144624
2147061
1268639
3166273
1165165
2119970
1257967
2814754
2333590
1269959
389107
637077
4090755
716138
404864
891446
76529
333604
855385
737589
4074076
1644610
644656
2369476
2314063
1629561
19638
2879234
2343488
1181146
1089370
1788050
794983
2125256
1038418
1390837
1209658
1517583
1994097
1736606
2166575
626010
2949079
3397784
1412609
2343331
2664898
539103
340360
79436
2915143
3465268
2206557
786154
1553498
189643
1537763
4454231
1524357
1141098
2977846
2878968
2873283
1670594
1729265
114629
1524260
81434
1255475
1823762
1873173
1946271
5790112
2943759
3641299
323637
235677
557540
532537
890404
1536034
2889697
2160614
488006
2726466
375905
821181
953834
1534446
2512837
1259659
2293950
1059529
1822615
2199438
2662513
1997992
1532309
2413952
949237
2171507
2869436
5866165
930388
1209917
280351
257065
1519521
1131215
1348924
441252
2611090
1337381
876037
1226592
2543577
1395012
1131215
4617804
1026259
2872341
1767188
1624736
624919
4279877
2602166
2917712
2034474
2337876
1272246
1179484
744878
1340983
1165779
5344435
2432983
2932082
631846
2600423
1022242
2272777
3085027
2230191
842728
1563619
1848100
1062740
970124
1092457
1775995
2700157
1159424
1274103
5600000
3191720
2198321
985696
2873547
2118071
574094
4134495
611145
1240315
2652313
1970534
2843591
2353900
2265479
1104770
1691809
2249250
1802107
1464518
243759
4132108
2106561
2096960
4319596
113896
1372154
733558
2267037
5581052
403631
312579
943659
1328710
2115694
233943
1273164
5437498
866023
1401649
1020244
1821600
228982
1570968
1102102
1281461
2907210
1802544
925822
329290
2045451
2094717
593371
1849215
5664370
1814829
801405
600627
813783
1675453
672904
2507293
1604213
2487257
4467704
2524474
383794
1866334
1994722
1636164
2715497
2117089
1616630
410337
662218
2464252
5595688
2905897
4516815
2662287
2381321
5958604
1342806
2476526
1879551
1056570
4818179
4231394
1883723
4196342
1968115
636670
2217497
788835
1017768
248396
4589214
1667796
1383215
1716182
2466422
963487
5862248
1607379
507226
102635
2572309
3934363
1332902
1151852
2732265
3436092
1802107
2729908
1509618
3256671
309760
2487257
2527915
4354145
1711781
2277817
5316681
866730
1472964
301641
506851
2146671
1588399
1485112
1119686
182202
102539
1285701
2732265
5177026
316147
1355331
2496922
4313319
1441292
2278413
1248347
1644610
1499941
5048767
1542278
2443074
1214455
2668050
2156005
1809763
2360174
506317
1746127
183278
1883935
1636927
434185
527273
2886318
263709
2230731
107591
5057949
1367429
2893883
1315691
2392152
625329
5670265
5927055
3092252
2779853
71
1682651
660296
2126774
1677949
4521241
1297701
2765471
2217497
1038418
1382420
5469125
64832
355760
2973119
3174824
515063
2679474
2840983
775141
2116125
2478623
39909
2640659
271873
2793710
2899145
3852845
5323555
5144439
3781709
907961
2151717
1076670
1924070
1214919
1269684
4716481
1616030
2174820
2170415
1962361
786868
2279335
2426030
1586298
2554271
2298944
1328710
448173
5262760
5767494
1775995
675054
176496
656902
557605
2265108
203058
905810
2879234
1157
847187
228957
2420715
1695530
579004
2937871
4627723
2355069
6081
1272693
335540
2359488
2640659
1386780
2362880
2906989
4415478
134524
1524367
2669531
167940
188791
1975693
2761893
2392431
447770
285727
5333587
2876629
2187460
97290
4447003
1955029
1740009
4903520
1578845
1406872
2378940
2206070
3778784
752057
826478
2449915
2102668
1644210
1325464
1459479
56148
2058101
895417
1505138
629979
421064
2842139
2948239
492106
1456087
1999891
5959784
491909
2190389
1812110
2182073
1526208
242023
2581248
2936532
65984
980419
2451108
1080038
5610448
2405048
1073586
2944910
491335
745038
1029250
1515025
675054
613747
527288
1684168
2358908
1412609
1809170
2192275
84251
2174820
2001772
2067287
1779809
2819954
2246732
1219543
220234
2912892
5182747
2975079
1560130
1170455
2589
861962
1850675
2256303
513275
740810
224767
2363749
2116914
2002984
1181146
1370111
2819170
1394876
829231
420436
1254821
4294071
744207
668604
1784342
5755984
562903
170005
669656
2482970
1643938
1363067
431348
985281
2815827
665063
148122
2904046
851575
2784778
917239
4569397
5508244
2493938
2042878
1912035
154864
5487937
2161126
125033
1443021
1673903
1931495
505272
1406067
1773456
1028659
2554790
1246874
1292026
953843
317705
3286413
1743769
2818934
2843358
1897455
400831
307520
359689
585271
1628038
2529966
2810097
810290
597814
2472598
2248001
1219082
2190643
2764904
1457230
2865891
2435960
3200402
2448426
2552724
2341081
2685898
2435461
792669
1840800
2631217
234487
1465248
883998
403631
635873
479941
509538
2638637
2780537
2045597
712786
2757218
1804237
1142186
2985304
3203818
1170009
1565849
4121515
1870181
1896835
2243782
2811240
56212
2934723
498251
1813821
334830
2756610
1318122
5664728
2957451
4467258
1743471
2140242
2793710
495095
1211490
1702532
1080038
2100653
2182129
554568
2882966
525803
1515258
2782515
427541
2325691
429727
2631217
678078
270482
296296
225566
541426
4751233
263789
864723
2293069
2899582
2668873
342461
613747
476829
1250998
2644715
1025373
3063425
2176969
1887939
1028219
2415014
498805
368927
1849069
620072
1377236
1439892
2708564
3225773
2614397
34820
5033986
894244
1059913
1899455
841042
585297
1801340
98302
2713600
2892595
2620355
1136420
2899582
1819161
22784
198806
5748979
2417025
2405967
2632820
5022879
2230239
615646
4940600
32165
1496208
2042878
2635679
715877
1777728
2301042
2053539
2149287
2286842
2574126
84046
1376999
1474013
1952770
432068
125161
1055507
438046
622055
2442557
687306
1198151
864095
355760
5290114
340360
1022676
1674558
579964
943160
247876
1975571
2245203
1406280
11312
2398110
396569
291596
566818
5669272
664591
812809
1212468
2473415
826583
1748650
183017
4850701
866730
3113602
848179
1748650
3673750
594179
2403144
1420262
1561421
2260228
598579
2616054
36609
1524260
2371924
98496
3421744
2411962
994056
4684625
2546507
152621
2703351
826478
1553337
1438501
2944679
2430892
2583694
1168989
2080183
635215
2444478
2646662
784494
1286945
2246700
1041717
2718503
543592
2301009
407492
2467305
2259204
2611090
1891358
448580
517945
2369559
2148432
955982
623494
147251
525851
746178
1481610
358640
2044599
931326
2437140
900912
2462990
5451263
1685259
476829
1437841
2443074
1514897
619795
220398
1992950
199629
3473304
2255447
2814931
2509355
2897222
1671903
2915727
2938628
2210023
1425451
191453
765123
159801
2602647
1705170
2595189
2135388
68804
897650
38234
2476526
20789
1552904
1560208
588467
1258488
2781047
1290352
1576410
1650995
1997270
2250293
466773
241431
2679241
3639828
2223156
2393780
701408
495598
1308851
2953598
2947536
984226
2978659
491155
125033
257259
2152571
1134599
1574797
1198951
2679474
658719
1050078
65193
1677964
1485919
5898637
257091
342291
2683044
340045
1310788
1941558
65193
2936532
876666
2147061
2665721
2182129
2230731
1250496
2701772
2247213
1076722
2722202
1297982
1422769
616289
2448426
2010430
1457614
578925
1034847
2408770
1682235
906051
675620
1272246
5885835
1750547
1125598
1126513
1373621
1727125
2300873
989361
314220
4800825
5408762
841699
2864990
592753
531200
3101866
1576095
487004
372424
1534446
1022242
1420014
2544071
2422067
56148
2832289
1574519
1930384
37781
999111
1698293
1012542
2920635
4621520
693143
879946
3469331
176496
2032005
1668343
2728676
283595
2399035
57861
2666308
2231313
495095
1616852
585271
2926696
1744941
2327841
276822
760286
3230354
1546259
2600423
1716182
807961
280666
1261818
712786
383500
1565294
1815581
3471449
5958781
2343111
2458376
2535752
4868225
4088791
2930063
5199842
3057510
1169170
3808362
2721373
5037487
1357896
1496393
30558
933684
520828
2305174
1719331
1903843
2382887
2713937
905083
3524980
2059412
2700064
248396
487893
1981068
2512711
1780767
2718359
1888277
2677381
1574519
1955590
906154
2186174
2374146
1743769
1870181
504757
1104779
2173820
2272512
4952083
1102102
1872440
1802043
1689416
4383330
1151967
1761860
1248347
2742416
3194489
1677407
2255447
805693
921557
2402295
2562232
1430682
2942520
673592
1575528
585907
1954442
1170009
624919
1040592
1186778
5460193
1380249
215768
1288575
5568648
2458485
1467060
2648349
5639844
5503802
1615087
712942
280397
203058
2942374
1058289
1171784
667985
2129774
1005173
2764904
117811
2658372
2869761
4690245
1296557
1519020
1841708
2551120
426163
883398
1570364
2341717
431348
1706091
722230
1471291
1138873
1872688
2658372
3282
3666701
42918
418363
2743474
4316034
673887
1578433
787069
2623338
2645939
1643202
1439772
1255848
4413690
198123
2172805
1505138
4540020
3324314
89994
1682756
2959846
2615263
1652530
459246
638422
1384964
4641326
726401
3037862
946471
272218
4054
2693630
2679241
2534071
3903992
2776577
799656
1922278
2200374
1481303
1091453
1851258
517889
1890992
2932480
2055473
911962
2592789
3481996
1473295
2016377
2466841
2840254
2420715
821462
1005228
2250293
1457210
111353
5204903
2815293
448173
383687
1796664
37497
1679300
179864
930388
3047200
2607276
1546088
648292
2683649
5345114
5646244
109263
1496208
1270452
574094
5244410
1573900
543592
1520758
1365443
2327774
1687661
795102
1691929
2493938
611145
1524357
670654
2369559
2059412
1761364
2301009
5486869
2223744
2806743
1918491
470307
1029250
1304407
909773
5334214
3355124
2752383
2341717
3850046
1137652
2380311
615852
1788050
471666
1897543
340045
1337381
351207
1689416
714695
5157727
1587551
2185213
3792166
2107409
5208994
895722
2470518
1393592
866730
1867129
600627
322990
625694
396701
2770427
1705170
2963491
383687
2685685
243759
235677
1767103
2277817
576915
2562627
2914882
2180137
1039421
2243350
2418634
418863
3721675
626795
879946
1294627
4731745
1471291
2895823
866743
1389243
2888999
868589
457083
398583
98787
1275770
391559
4816128
5887098
1136905
2641449
2173820
2244629
3544158
2873058
1165627
2121160
2003541
867449
549520
1580383
199455
31516
1695664
1708479
1279292
1896360
14317
2551773
587115
1873173
608763
1638141
247876
1443180
152840
353107
2347790
1110832
2615263
2679474
2296798
2901892
2919246
883171
2783972
2015588
1171942
3402939
113804
2669027
941776
1534275
1995594
212279
40865
893189
354804
2347526
52144
1247068
2604599
1098456
2545701
1082211
1359727
3578089
159311
893189
2273455
689935
2864633
3423588
2973417
1785196
2142178
2961799
4294091
1896360
1287431
2094851
2366839
11167
2899582
1370750
3158310
1049776
465388
1813699
2502339
2220133
1214459
2757874
1760125
1666452
2815699
2447295
918916
797005
62881
488006
720484
2949019
819405
2812019
4546216
4495036
1750547
1594496
527592
1620718
1018491
2177962
985906
2157964
1730175
1873216
525803
729655
550033
2679057
1765836
1851863
5953030
1073407
1281900
4945851
1263422
250050
1630970
1586316
846761
2636036
1524260
654483
1688239
2993795
2357554
2717463
3596576
780536
1498002
2936172
2484141
1705799
767004
659947
2185273
2327774
2160182
2234301
5882668
477421
1305419
2708564
1954000
863292
1897972
2201322
1565611
2292256
2234852
471739
1178425
2509993
2980644
1726360
1193927
22389
162926
5393236
1376659
1890109
1300951
984226
895417
237363
2588919
2201867
2849332
5546447
1879551
1373408
2157735
188791
245697
2367776
2961049
2048348
2041855
1187195
2907210
2084246
1048237
2278413
297700
1849215
2377230
1474939
1947001
36609
5581493
2563170
1246874
441252
1481772
202980
2160955
363726
2220169
1179327
2842139
2029653
306955
4187998
2038139
588467
2336843
1326951
2023518
3010847
2178690
2956838
515335
2307134
1303106
70362
1789271
787069
569411
925745
2852399
5835635
319712
4135193
1063534
663862
409937
1486850
296889
2729724
230583
1380249
2041081
2029653
2037615
3449810
1679386
531075
760324
1392285
942560
531233
2886395
371713
443546
1048644
887718
1097079
585297
1033185
2399882
1188271
1595776
1914405
909371
1299561
3574799
2878968
112912
2206070
1802228
2509355
4408803
2549175
487708
2223342
3207888
2770427
262098
1992913
1733967
312867
1469990
2848395
1048584
1842740
69752
2333096
860204
1053240
1637176
2551120
1637176
4427009
4807535
398825
2793710
1334014
585297
1361378
959151
3027320
905201
2346767
5489771
112957
949180
31079
1887939
602622
879791
366885
2229434
126215
701408
2393780
2575610
887142
3487014
1845287
2751985
2172679
318383
2903717
2636705
963487
1843147
1365075
1918343
1561884
918194
1034847
320547
3717720
1359045
457083
1717928
2029653
1096348
911849
1687661
1409141
1242114
2781047
1992950
2901892
4411933
1289037
2233821
1412609
751040
1431706
285727
1416337
939797
1396490
1063534
2585040
635969
1348924
2615555
2533523
2333590
1546922
5705238
62689
2617146
172399
1627778
2116914
619860
1216112
5306507
691865
2622502
2362494
1142081
3047070
2424956
786868
1520758
2869783
2683044
334830
1710156
2932753
4178647
405360
151128
2462990
319287
689621
1929626
571713
4146402
2831920
1402160
4427334
1915728
868214
2690989
286584
1254819
554568
2539781
2569808
741026
668604
1551123
27181
264464
2390102
1726729
2369156
2952138
2121475
2661845
2238366
864572
823277
2486457
1515258
1299294
1968692
2089259
797005
2696325
1070506
661885
2983744
1745780
2223156
2270593
1636442
2550878
628182
2614248
57363
605325
1965664
1579243
1997992
2215488
5418199
1180701
1842965
2244500
1711139
366210
2181119
176306
1081865
2493953
2540831
2542775
1254845
2520845
1925195
1543363
632147
2156614
1034999
1159424
1509618
2521254
2883458
2506607
3956315
602777
1656594
2631217
5408720
181862
1907979
1261718
3167554
1828174
2713457
2521105
2894437
2503567
2776461
2207207
933834
866730
1901614
2617146
1283463
2511448
1220830
1145280
2140432
708425
1026332
2589
1034999
974809
1289284
635873
761821
164401
4083402
2828841
1307423
819405
1534459
2335824
897650
2403144
2051735
707063
722228
1796664
4132228
488111
2384715
891479
477421
566532
1171784
3731424
937132
19399
2161126
340470
82928
4152330
937630
5695913
1499941
1016554
2023089
1235236
909538
2743936
2899313
1126592
5086302
357522
1566683
2703351
323184
1608456
844379
2291772
2721476
70362
631846
392728
1859049
1997509
508565
2210023
1520984
27181
623494
4453617
5762062
257536
2883913
2197242
2094851
2305044
187249
147247
1493612
5505665
4535056
2643109
1247409
2991924
4982421
847414
721384
883998
94074
927080
784494
585297
2401445
2777597
2112098
2724939
2183884
82928
2975852
2524474
2350360
2229001
1768214
4747953
520828
2641374
602374
1289284
723906
752046
731831
572866
1369215
5981260
2176470
3645956
2359090
744878
1069843
1327464
1037084
5887394
819405
3220982
5653537
1557839
2446769
2307134
1344573
115607
2915699
2397843
4218415
545684
852419
2961612
3186574
5655601
1618423
925822
2392152
2483906
2395955
1580800
2760048
525851
1476895
1384620
8441
1657266
1308157
2084372
2998486
1661385
2772129
1136775
263983
259697
1462464
1659600
800707
2712993
2908505
489429
1706348
1855250
2685685
1091707
36355
1768214
944786
1406344
4192844
1026259
5731378
115607
2178690
2919381
313390
2268920
2664340
1964484
2826570
2481465
2842266
1695530
3282
2074973
895722
257349
1833171
1148401
1559027
1994097
407417
1708206
45907
2318635
1981068
1131215
241855
2192275
22784
2048348
1456399
44880
2572309
1105984
2575472
1517685
51658
2942361
73685
1842196
2449133
2808274
3556275
1804237
1423644
76529
2164021
903930
4533470
822730
1777848
417515
391559
1873173
5825028
1453677
245697
3763314
1078010
3918935
985281
379078
1715214
4558780
1211490
2044224
2058355
1008504
4497430
918916
2620480
2585121
829845
1357896
4110410
2115629
5576
548199
1067186
2575115
1922278
3045040
2048325
1066082
2321187
2776461
2369446
1517583
2358403
5897559
2873283
11167
444040
1637176
561832
1437841
5886117
2915227
3661176
2241268
164847
1992950
357165
1671839
2169843
1176651
1275736
1394563
918916
2458485
657525
1090420
3157548
1299294
1570046
2551934
1259652
1180323
2807468
2776577
728165
1362202
2007337
2166879
2715497
234061
1068071
772330
4539068
2759114
1254845
582894
1362899
4776920
383683
1869898
1830622
4330783
1383202
2112069
3101652
753401
2465782
1566681
3236431
4770467
649908
391559
2073563
2230239
4581449
2148432
272218
1619479
1512660
2115629
2229043
2956430
1499080
2656032
4249194
1180591
2643299
4615355
2501134
785650
3404365
2215864
1868346
1156452
2330260
2670059
766868
741943
1782882
965141
1668546
1923877
2113652
3049954
2852399
1845616
1570968
2738397
868790
726401
1551123
2267759
245943
2362494
465806
2056963
1840494
2588919
1290352
1258879
2132619
1479029
119264
2320657
1084247
2417201
2863099
2952702
1370111
476829
1207075
366530
2683044
1169284
383683
1728032
1171058
1838214
802161
5726279
1300892
378064
145606
5221581
887718
1595515
2093211
329290
2718359
1385778
1488186
27181
2137102
1317899
1988649
2451108
619860
2682995
287832
765834
2058571
1408721
2407673
551889
2848196
1723547
1785083
123704
2665577
5390046
330944
314287
1023400
313390
1610057
2831920
860204
876471
2387945
1843260
26336
241431
2899582
2014879
2424230
238121
1378106
2784513
639352
2272325
2920940
2208672
2180137
5293866
1696573
2233821
668225
1251767
1013226
107549
20789
990736
1667796
2629744
775597
604256
3395800
66184
1816235
1588399
3509680
1594399
4886453
2796309
2715497
864572
2543812
1209917
578925
2717901
635969
920732
943659
492301
1555320
663862
1827980
2434443
71552
1056552
1600094
4925447
2044599
2859368
32049
397023
1300502
426543
2743345
10784
2939543
245076
1023107
2753231
2246700
1137494
1008407
878896
525349
2408766
2413952
2119825
1500297
1758684
2753749
2755639
1568361
826478
1453553
19399
818581
2750379
978788
826478
1966679
3280619
2244132
1142725
2813880
1496614
352223
228982
2889697
444578
1679386
1135009
283595
3526381
2423943
2592789
1548699
803954
2622524
379292
1481204
347125
329443
2133094
2704039
733841
2924513
2930765
4115762
1249907
2721794
1013496
1146371
40813
1985053
291596
1594710
647173
1163945
2222309
256621
1133780
616289
1809485
2643555
4810877
1543686
2721597
2930964
164857
1244473
1517583
316147
2227787
2812784
2341717
1155080
3510015
1993500
1955761
2883458
2176270
1962361
1802107
1427770
1535459
2744809
512511
650031
1817556
1492968
3611537
996397
914115
2728407
1848153
2273455
2913655
1662588
548199
1081758
1415634
2114140
2789550
765652
3790173
1932855
625911
900699
2181119
465806
1676990
51658
2047200
753912
2914882
2643555
1644610
2093004
1140855
1135009
566410
2534253
1126513
844336
2511584
3290883
383794
1845287
4133003
636670
1537490
550033
1638712
1682353
2152396
663862
756916
1578845
616566
941633
2866313
5255759
2685685
1309210
4341377
5047736
1741585
1578118
1180591
844336
948620
4503047
2180850
4609942
1370991
4230593
71
2370464
2173820
2713511
2451108
1880340
1777728
1148216
1229551
2921923
5665
2268838
5923172
2049052
4781167
130209
4101876
5437085
2905934
604998
1848932
2771159
2186422
364327
2899313
620339
2050801
2636705
890404
151128
3826536
1439892
802642
2437925
1597267
255490
227846
2082137
2869336
1723547
2041855
1434987
2508923
2321059
335867
1110235
1763347
97493
1092457
160656
1317798
13638
4061081
2390102
1133609
1614755
254878
575689
68804
2214864
1224568
576636
1847454
881994
10519
4508769
317138
1064339
2230095
622639
5025036
1327464
2345116
648474
2050533
4505781
1737537
2864955
1609451
1216112
1820973
1906094
1471537
770473
2769604
1492352
2077711
1554954
485452
2787110
2358334
4613659
2669531
930675
2573356
2030453
2155432
780042
272615
517468
4775560
2173283
247876
2961412
2293069
2714241
213260
307520
1675453
1570364
1101175
1260432
616006
6121
856861
1883391
619935
1200530
410337
132689
2535161
2058355
1114526
2086990
2424181
1579243
2714241
2907210
2307134
229424
1299292
1271694
2292072
2625144
1746558
1688239
291596
1944313
266423
1858000
452283
253798
189802
987878
5100275
225566
2229001
3676858
953410
1809485
163623
32561
2203757
2353697
891958
2354071
737589
1186010
2622502
2507896
1406067
1453829
2427320
1668248
47583
5506769
3757318
2289651
417493
1891680
379734
2126821
329290
493110
5935048
925745
1402398
14838
2911965
994056
2690194
2107409
2757644
661677
981806
12527
294472
1070923
2942529
1895272
917646
4054
1784745
224767
1153771
136575
5196035
689621
2669675
352223
5413241
894244
1818514
737884
492301
2289651
5894324
2466575
405360
1135083
2004964
2072696
1627778
4762405
643169
189802
2349524
741300
2864633
1952770
1583667
461130
379734
426163
420705
368409
786067
1855129
1070923
3801363
3242592
2815511
1271837
2338979
278681
1285701
161504
2129774
1266331
5153945
1693216
3478653
2507896
207596
903484
1496390
2569995
368927
448194
1913470
681225
2946612
1601356
270482
767004
1519020
1489470
961672
4052271
2082137
1866238
427677
737884
1334014
4536430
981806
1926429
1258488
3224050
646649
2229434
4479240
1111939
772330
5553083
1219543
1160904
991102
214069
2222843
849442
1967280
594179
693696
2300873
940054
3417458
2217314
1085194
1629717
2528755
1803250
988940
492106
517889
731831
2886395
1595515
2293069
2362927
401418
2310446
2465961
5490663
2240192
1567406
603248
2729908
2352019
396701
407492
500751
1830622
2495152
2096763
2850096
1964484
84251
715532
1722512
2217497
2899145
2171024
2165568
3464502
1753341
1216112
3143850
1671903
3527625
1716192
2370586
2444478
693143
2370924
947630
2264243
772330
1059529
1270906
2535627
226490
2534253
929432
1354810
72890
616566
202463
3044699
2037615
953108
2456991
1917235
1095631
1602426
3472481
1194096
257349
22784
2873547
2298505
2137922
2601875
1299292
2174460
1659600
4378
2048325
1692122
1885134
2434443
97476
4292194
2464744
2965875
1885584
3375974
985132
4358124
1920930
1796465
206876
566532
176161
917322
1608745
638422
1137652
5837622
582894
40865
2437925
1156009
493518
593371
1104842
766868
1715960
2462990
1040592
2360561
2619913
617690
187874
679007
316091
2162694
1796664
292555
1484063
2244500
297534
2093211
101446
3515349
1517717
2147307
2506296
1895272
676803
4086520
2496922
395418
4384414
916175
2377307
4051260
2243350
1531652
2820798
909039
2553259
2485828
2665721
1593188
3426403
2855180
2835325
2910366
651318
2734359
1130641
816224
364327
331818
2746085
2269471
3013116
2669675
623027
1031520
664555
5320178
2176470
2300606
451222
5891605
2004645
1708082
2997879
697379
1684168
1197309
2650071
1386717
2093755
1845616
2852399
1648048
2173283
2679241
1726360
551889
3238388
878280
1262326
2100740
3521448
2782763
73733
689621
1143198
2054296
2739186
1524357
1944313
2915699
332444
5164720
5239351
1834833
951051
4933916
538748
591421
2458376
1261818
1777658
1796618
2376195
2668873
1134418
2700188
2975852
2677453
2648351
4633439
1145262
989361
13355
52468
4032365
1927742
720293
4692392
5723077
5096567
1831929
2056550
721574
2934366
770473
1443021
2306676
1096348
1359045
79436
1528364
2638076
316147
822820
2389579
902755
1736217
570002
1845616
476551
1250961
4612300
1583667
1583667
1731535
632147
2151311
2816179
1924963
2131608
1094344
4493272
1442708
423185
2300836
2795469
1633963
964051
1050691
2398294
2737483
1507929
1092348
2548533
2535627
513275
1557839
2733265
2700754
1829897
2028349
1830417
1412064
2443074
2224216
2839653
1297042
1946691
698165
1739306
2770205
643088
4955240
1406008
2979433
2347898
2208898
2778487
2435461
39909
1367929
1543686
2241268
1159424
720315
1198951
332444
596956
3494293
426543
1415435
1313644
3133862
2950791
1485919
1229008
1300115
2737912
1018491
2026137
2975025
1727255
2640659
5772202
1646905
1390292
1165779
1180591
527592
1024538
394364
2623982
3084131
218850
2141571
396597
1170009
1726124
1654714
4647233
1647999
4378
2750379
3396403
2241268
1573844
1137548
2129455
909792
1255475
2151717
1490474
2953585
2429848
2803990
950188
4465641
2937954
220341
476551
626503
2318635
53324
2197629
2289651
1190289
903140
1937109
2483720
976860
3652050
1557536
1715943
819475
160236
2185213
2567153
2586425
2946636
1947648
2443371
1113268
860204
2582760
113804
4437965
19399
4446526
1400358
360596
2722202
2059108
2656473
2389585
809054
464859
1181321
2803502
2875907
802615
183278
1918343
1193385
892822
2100740
841196
770119
1073586
5678616
4285784
1595814
1804324
684092
2300606
3307507
2862545
815460
3934153
1575528
1785538
2713601
1618108
624919
1219354
660296
1829897
5795980
965705
1645975
1647999
2732206
2389505
2905934
1302268
1525237
3654622
1164468
125033
819971
556115
1621741
372424
1717699
1480096
2781241
2573102
2567912
1410589
2533523
2815293
1544145
1127954
512511
1656594
2029653
1589404
2067306
2520845
2889697
1668248
2679474
1777600
2464033
2220999
5561581
2542619
1101701
2080180
2816179
1164468
4946990
98496
1213344
1499080
1657336
45907
2535752
916175
1250961
2107409
1629198
1058602
4849933
1512660
1607770
1504197
1065920
2009818
1590622
1406008
2032653
2032005
2819965
572163
4701998
379078
2464691
115607
1224568
1504197
5212399
2638471
1193927
4018228
1915728
802161
2542234
570168
2811240
2115694
1296557
5630350
1067763
316147
2228412
68804
1240232
4451086
1084247
402194
2919381
2219325
1673161
1813699
2808205
2255665
720293
1441883
720293
5746621
343725
2903152
472890
2394707
1708864
516013
2864633
305575
432068
903484
706286
1555345
2940984
224868
2424956
2322109
4436675
1927742
913867
2611090
533377
2268920
2341717
4674735
2728125
4248882
4773251
4958971
5616539
4582587
3564730
626903
2535627
2189198
2833480
1746590
953108
2022895
1178414
391656
152606
803672
5191469
2811641
312579
68804
2308327
1604116
117805
930675
2403144
2413484
3903494
1457210
4822893
1469923
42756
5441580
506017
693143
3853205
1780859
693696
3755039
1480742
5758016
1149518
767004
265076
2521748
5726160
90848
4106141
318383
64832
1975693
5706347
719430
3376854
2337189
2892393
2985240
1289037
244058
953108
2563170
364327
2963412
265775
79436
605325
2338457
2588533
1359727
2400518
573597
373639
673887
2867766
2424812
541937
1415435
689935
1434536
1828174
1600094
1479029
199240
1266331
102893
716138
312192
2659718
5508793
2941580
519602
2510909
321052
5129265
2269471
1665607
3205364
5013856
1641830
132717
409937
508565
238083
36609
1528444
2093283
1131420
2119825
1179879
2228248
2397006
1272021
1169170
2473614
2415014
283595
2500305
771826
410020
2546507
2995288
2521105
2979844
1232413
4071129
231193
2554790
1997992
280351
905816
243759
1719331
5398753
2794341
1334014
225566
2165008
2074583
181862
1665207
2612456
898680
2381856
2336545
2300836
107591
625694
1947936
90665
4393899
618509
623255
117811
684092
300768
1626809
57363
1273164
3205260
2772790
1693216
1837591
588767
5932069
2398341
1014196
2049452
923045
95406
1068708
28385
2895603
2230239
4665470
1469715
2615993
5261882
756195
3541812
1075721
5980761
3428686
1922278
1194445
2518080
916077
1896360
3264396
4111957
1739306
137456
1040592
700679
4642371
2920940
2661845
865664
2866327
1684802
1641657
2347564
1394563
2623796
2117462
2607229
4583956
2189051
1455144
2949079
2320167
2023009
690666
518453
1486850
1926963
1634492
945247
1496547
166620
160656
2272512
1870181
2920635
2611944
2757874
895606
1406872
2160614
5851059
479918
1597878
2391931
1914431
1718391
1536238
1136775
1717360
248396
1443180
2186075
2624204
1310788
4425774
2919246
2728676
1796664
1396816
2350403
1076722
120956
1356480
2442557
1507187
2209856
1618793
1813964
2347790
242626
1348924
2476010
5603359
5950457
1272021
377321
309783
4176735
1296557
2435693
1431257
790086
3727307
2343488
2190389
1155080
1145042
537542
2090041
1598516
2094102
2032005
2306147
1475711
333604
890480
1012542
285727
2949021
2360691
487708
417493
1112834
1744941
2579841
444040
5549688
152621
3641218
299951
2950961
1564596
2113652
2258215
2923337
2896852
1825568
18857
1254819
2274919
1573134
2080180
2444478
1481303
390625
2843063
2420715
233374
2479878
1232983
1472449
1551081
2247769
1291500
2388942
226521
1644302
152606
2950378
1480742
651318
1143198
2770205
1519521
1671839
249121
2012524
2014689
1431402
103898
1870876
4556680
401418
1267948
1035382
1719331
1677964
1160904
1027278
1829462
2633387
1594710
2369156
2567912
2820790
788835
1133735
1788517
479941
5530727
1898366
1249910
62881
112912
689935
2108059
3358424
1889897
1130641
3677131
1905805
295533
2535752
2503567
2084246
4056491
266423
2942361
2148432
5262307
214326
2022764
5915353
258540
694305
383794
120956
2976920
4481944
2806209
1865641
1547676
1838214
1883391
1643164
2764398
309073
742287
1641830
1298397
741943
984226
304349
301408
1639993
705176
884590
474229
1820973
366530
1406344
1787199
2980189
2486457
4760909
2563170
2243782
4824627
1782882
543592
1255351
1431257
1471291
4370399
756505
2041081
1055561
2713511
2394841
1383529
1552802
1835056
2895823
1899067
3455826
391772
1626836
2307134
2851054
1739306
1691929
2208672
1470482
2937239
1504667
4439435
337523
1303106
2692730
2417025
5257177
2420715
585154
2384821
1286945
2928352
1247471
638464
216030
1706091
5192800
2812019
309760
5747016
3035109
670654
640750
3621848
587897
52864
2115694
2192220
779382
729655
2669775
19399
1498312
2628815
4196768
5789794
1901614
1287431
5124574
1545628
252001
2912533
570002
1273013
1742493
2611384
3989427
1045761
503799
2878968
38949
1669601
5773279
2976470
1118195
903140
420741
448580
1795704
1445500
593371
2282033
511209
5740271
1329985
2252581
2240130
4219063
2789325
1328710
2810808
243759
1119686
1059529
2148432
174388
307520
621945
1295617
2041081
1420517
555104
32712
2490129
1758684
506708
2198950
1102102
105483
3750755
1450624
3428417
2746138
1041717
1094344
1280144
2589
1828174
1249910
2820553
1572984
4298696
2766629
4095602
172399
1271837
1254821
2896806
2070985
1561427
1594290
2862394
2764398
2554790
4188560
265148
2817789
537744
1717360
1907979
891058
1515758
191018
2171345
2321689
2537961
2714241
677405
4707054
1464518
2176270
2374146
1629717
2910366
1893242
656902
2899582
859086
1095404
2424812
4682814
371713
1406008
5325364
213704
2293069
346109
1076722
4077029
2308893
2277817
513275
693696
1678111
113716
841699
1289284
5183271
1689404
909371
1924197
1499080
1431257
2032779
1104779
1541025
1337409
55461
661677
425777
1068708
1285701
417085
1028219
1258879
2316697
894244
316759
2174820
1223673
841391
2798983
715460
864002
301408
1027953
319598
1150034
2667596
1160904
3980292
1704596
653985
1463847
2585174
2458024
775337
1028803
802642
251316
239407
679007
1085194
2537961
2316697
733558
10754
2248001
1408721
1597267
2223156
1415634
1375181
1870876
1810510
746409
2296991
2515873
383794
2311290
1761364
130209
715460
1610057
3387049
273448
1431257
122866
206888
5576
2151491
499194
712900
2932477
1248046
1001202
2624516
5415303
982211
864002
3093445
665063
2355917
2595002
1223497
368409
403631
3525798
2872341
1283150
2645713
1013019
180801
1703535
2650813
988490
265765
2107400
1062244
2035580
1774750
167940
856850
993005
2766359
1475092
1638822
1463902
1865266
974809
1796664
266423
1718391
942553
2222309
1406008
1367717
1656910
1459479
2996807
1063490
1521933
223161
2220999
662267
1993283
189802
511753
2765040
183396
2423943
358640
1835056
117805
1675494
2072696
2469816
1796907
815857
2583676
616289
1593188
1362613
1266331
1167148
1130898
1392285
2522202
1722155
903952
1180323
543592
4114811
1469715
1017768
2789574
69693
2466575
752668
383687
2847575
2464033
1030057
1290352
2272955
3560036
1946691
1149193
2535627
615462
883572
244988
1650799
2447240
1719113
1013019
1718391
1343129
1628334
1922278
4761748
976860
864572
2337189
2873547
1952210
2305174
2743474
1493612
1898366
1905488
2334776
5130258
1290352
255490
2865891
4919669
1788514
825730
516345
545749
3285361
1112080
2602374
5175248
1731352
1883935
917239
2978659
868464
1700175
3006257
1196102
1944351
555183
558602
4237831
418550
1022676
2251318
4205878
646649
449595
1947936
1220762
804803
1299221
693143
4159671
821558
1153709
4548624
731729
1517685
2160955
2869761
5480433
2612526
1493148
3735695
1239348
1013496
1406067
5380607
2723245
2842266
2622502
1056232
2569096
1340845
2571737
2811240
2913683
640750
1262326
673887
1503763
2048622
1415135
1827980
2668497
1630485
2862394
1575112
2708594
2620142
555895
1709735
1046161
480599
513476
2358958
332301
635873
1897972
309760
2142178
1304021
2122011
1915728
1455144
2016981
5141143
980419
2572309
822943
1817269
2408766
698412
2942520
1463847
2467922
1785775
4433301
2129087
254878
2208898
362901
4191847
2330260
1307622
2525365
2771299
2171024
564842
1446537
1164868
2996807
2141307
2769604
2628815
1841708
68804
1333574
1380439
602777
2185213
2214850
2098719
2183322
879795
2250240
1895115
1891680
1633072
1887939
1056570
46403
2524474
1648048
2940984
239316
233332
60162
2306147
1369686
2509176
3521297
864002
3011482
1899773
2418634
2114244
2471567
2404521
1401649
2407673
161533
804917
1481303
2890604
304349
360596
2048622
2956430
492106
1578118
464859
2685744
2089144
2956430
4822898
1598333
1571017
348284
2238624
1480467
1154380
2059412
1648146
901057
3221260
1357896
1464518
1075649
413783
489429
384721
795679
464859
2268743
1676659
781694
1259999
523501
1833105
2772790
883398
1131420
337157
137456
1895115
911849
663394
2051735
3730776
2773580
2554432
1496832
2811444
265148
472890
443223
2236505
598708
1653799
5054986
748513
2810808
1407104
1944143
2568733
5418707
1118195
1058289
2574510
18857
1398125
3838625
572163
134524
915246
548450
1926963
712318
2596931
739112
566818
2176470
1645245
358640
672288
3063320
455188
2362927
402457
422669
2126821
1002062
2300606
2487257
1067186
2389210
1839345
1179210
1095631
633869
61419
2198321
1067763
2173272
1636991
1246874
1453677
2171081
2829037
2934551
3590880
1649135
438046
4177779
1698755
698293
1698293
2602647
2252581
2358403
2315416
1074729
1662868
2171081
4333277
2702501
485977
2535161
338509
637077
2272512
1901446
4054
1161087
2469242
879795
2515873
2652928
4608985
240635
1914405
1733967
1359673
2961412
533377
1777166
2952702
1890992
1737474
1820973
417493
5834735
1453677
1273300
2264243
3963910
884866
1447569
2330260
2512837
1636164
1118195
1818949
2942820
3129693
1729265
240993
5488604
1055561
155742
422327
1536034
3926658
620339
1161087
1535459
786330
1575528
2997879
2819965
392696
1570046
1924197
2126821
2222843
5414655
223161
2677025
1628433
3866614
1939539
1479029
3900088
2430892
635969
2446489
702544
1252685
448580
1274103
1808891
2800625
2551120
2290493
2511454
904852
208678
421755
662218
5667227
2789325
2243350
2241350
372509
4900996
1667515
953843
1283150
4393181
3424188
19399
1496208
1424827
877466
1802228
1534446
1250496
625329
1485112
417515
867783
4235740
2187460
2669027
295231
1527449
1504667
1384964
449595
1971849
2800386
905083
1073407
2354384
366428
598708
2394707
1678243
387843
2694652
772330
5817966
2408770
937132
5856385
2685898
1579261
2700064
5406348
1785083
113716
2669141
2633660
152621
2025499
766868
3855572
2731604
156836
1126595
1509707
5898067
2147738
1752980
1346927
29259
1673903
1906094
1141945
137605
1269959
3842867
851392
5651896
133560
561098
1265886
749801
1481723
3134510
666916
722218
1175532
838854
588467
2125075
1422769
719430
1524113
244202
2207942
4076538
2899313
8388
2355786
598579
342461
4213980
2369410
2602166
5687183
167940
2782574
406355
485452
1636231
900508
1280144
308374
1636625
406976
2748654
1485112
2617597
2715312
2634243
5797460
1370750
2584063
1965241
1443021
2992697
487929
3559860
5851843
4781075
5906054
2594766
5230858
2185133
658719
2568733
61712
1628433
1571017
4992958
2100740
2911965
5829574
2050533
318097
1349476
1955590
1567509
1048237
262098
1927742
2166879
432969
2719826
950188
1612385
1559718
418863
1955590
2347564
2445581
2174583
1214059
11041
2399882
444040
1517583
2888569
596956
2817789
972577
301641
2390878
504757
2669531
2648255
1851258
2835373
561769
498805
567603
1634806
805251
3572684
4089346
4555209
330944
2993063
5400679
2637269
1451780
573597
2402295
2094292
1291500
1817556
2063377
245076
404864
2501460
892659
78499
1445665
1730175
2892393
1880340
55461
805251
2070501
1787278
876666
2645939
1046710
2233821
2362494
5445221
1070765
3975210
594179
2177962
860204
1433219
1753750
1788517
1371820
2351569
5665
1597701
2732206
977352
313380
499220
1126595
909371
1129753
1102102
5082633
1546922
555901
1973505
2115130
594946
1390698
2009686
1813821
1423644
1928828
941430
2252798
2444478
1430807
906356
2873629
1281900
649908
741026
1054883
1339431
2300606
5761464
988490
1676208
1485919
814921
920732
1478198
2725405
1247329
4872095
1154363
1976942
1979583
1066082
1097079
2031180
1885934
1325929
2312642
868589
946471
1616683
1534446
2186981
1254821
240993
2074973
1993886
2493938
2090773
5524494
1999891
1981068
2199139
2985240
2061583
1842771
2123817
1298469
1481772
506851
2920791
1971849
2867766
5423205
917239
3569910
4408977
3199153
2899582
2343488
579004
227350
894244
917239
171717
764051
933684
3990035
117351
2174583
4336478
1285701
587959
2394707
2500305
398825
1870949
2633660
2713457
1023400
1319821
2712993
1580383
1435246
891816
423694
774471
1637103
2020803
618509
1289907
4937477
1581874
2407673
3733322
1890109
3336296
1936905
1820973
4330283
1363067
2758605
2433456
461309
2430892
2355786
2338979
1517685
513275
2501598
123704
5908585
209860
587959
1627669
2529966
2982442
1194096
132689
1764895
662267
1280363
1124154
5509405
722228
136368
720293
2219325
2614397
5013943
71
1389243
1043894
58887
5545461
2637269
172399
1562585
1890992
2716001
2525365
1922181
5512820
963487
2188156
2942529
2782981
2672738
2893260
1965241
3206096
1965493
868214
216030
1898366
864378
1073586
324387
2595189
915951
1980713
665553
3100881
1133735
2534439
1224833
121449
390625
1761860
1556524
1062373
170005
266298
950188
931591
131658
1165779
2313484
2832692
1047827
1290352
366428
161533
1579261
2933932
2097548
991187
420741
4205276
1474013
4581892
2383061
1385778
1537078
2466841
2107306
702340
1887353
2930964
499271
4056980
2153318
2718240
2419778
2725405
1890109
1148216
1515025
1235067
19378
1066082
937134
1968977
495140
1062373
2456991
3047220
1821756
418550
626903
633288
409937
2024782
1171942
2995729
1354810
1262326
2333590
1992950
5572073
5684340
845983
2815699
325664
687671
303917
27181
2452468
2909550
1809170
472890
5960816
5361053
867766
1192806
1297982
2787939
2959768
1143447
62262
2369410
689935
167940
2619913
241855
895417
2696325
556115
697379
1704966
2732206
1974132
382273
52144
289595
4277791
208891
3681953
2594388
2394875
2820790
1415135
1669847
755271
4708403
1472964
921916
2615555
4703648
498261
347125
3015872
2005252
824872
2681909
378064
698293
457515
1467060
1080263
1914282
240163
1030057
120328
1136887
265765
1552904
354138
2511584
2291772
1780859
992597
312796
1994097
2333566
1398437
2908505
2594882
2427320
2746085
265148
2631049
1181321
199455
2172679
156693
5648376
2063337
2483720
425970
3504638
2078863
837160
5297380
2808274
2067959
631846
2793554
163440
2634023
2384821
2005198
1222561
1706091
2786886
1035475
2917456
1931495
1639313
1555345
2877297
2029653
818955
1537875
18902
1685378
2827959
941430
957552
5388300
1005228
1879551
1766298
2196724
1249919
4226129
2359091
689621
885293
5007722
1684189
1167148
1681527
1168952
2638637
1450240
2367144
2952702
2016377
2032005
194155
1657336
407492
2975025
2165568
2662513
665063
2729724
1513561
4236964
1597267
2044599
2524630
1171784
1397896
2594882
1537490
1760429
1153709
1218313
1715480
2388942
1393466
1899455
915246
78508
130031
1928085
188791
895722
2874700
5536494
5151506
1009443
1788050
790086
245076
2008418
2868636
1605282
1788050
312579
1365443
1788050
1345931
2308792
1295617
2004231
2024712
1251767
5649496
2990490
4798423
3160449
2322013
1878874
887718
2247767
948620
5636542
2928352
1976023
2084372
648292
2333590
3961258
4048344
337523
2873283
2808183
2448676
1917819
1466335
2063337
1281461
1085194
1155080
1257797
1271793
1695530
156759
2103656
1754950
2713600
3153193
4939930
1165779
144432
3625613
2720391
1653224
1897700
2452920
4497584
1783030
4038614
1346927
2782515
476551
1724725
191453
18857
2455764
1395205
1153625
1109145
926201
1662327
5232025
577069
831950
2887759
863292
3699418
2286475
1300808
2496257
715532
239065
2625750
895606
2415890
418863
876037
555895
394505
2180029
626010
2659718
1065685
591131
1849215
1229229
458671
2182073
1632904
2825807
2814754
120328
1616312
1874370
1565294
2782515
337157
455188
2374272
3414604
2689721
744089
531769
37264
3658211
1289612
1665607
756916
1869615
1825445
934724
2059479
874313
2729747
773453
2070501
2965875
1897700
342291
2955550
751040
587115
1284982
326104
1067763
1169284
168416
2525365
2165008
2506630
2938628
2677821
5784189
616006
2696851
1777848
478108
4230
2973317
2553506
2492730
2420715
5290881
5025692
5076688
2718503
1870181
1337409
2016981
1053089
593589
353204
947010
663394
126215
126215
1462502
879791
883998
662267
1171058
2930765
1636927
2291772
2726466
2956430
2621575
1838214
1042240
1524357
1175947
2067959
2184078
2766629
1164982
2942361
1984406
1815581
520617
1504667
3349661
188477
1462502
2611384
847187
1475050
2367864
2588889
2178690
2243350
2469242
605216
2811641
609936
1169284
1981068
188650
2237161
1362899
4730514
2978659
1349357
5915673
198544
911962
597639
1524260
867783
2310266
2650813
851263
430246
1703535
422220
418550
1824915
2693590
2622502
2973417
1654714
5191705
2328884
1443021
2364793
561369
470882
2685898
1068708
4077609
2596931
2114244
1376659
953734
1782132
2203420
2670305
1869947
421989
2267302
2590161
206876
491909
1619479
860204
2842139
2966894
2223969
1661385
624919
2444478
1120972
136293
175243
2206557
2893883
244988
1039421
1433219
2718503
1686369
1027953
2382623
733558
528199
841391
1939539
626903
5955673
1359045
4656855
1595515
2811641
1365443
2718359
2676729
75983
422220
4354506
3084555
561098
391559
812809
4030424
1976942
1027278
1420262
984226
1752980
2119825
2090618
1669705
2778487
4739522
2814931
2203743
1855129
1040592
2200235
2778487
368927
2275376
2759274
4860484
345612
1677964
2481465
1254819
402423
1563496
1615087
2551625
1679411
212359
1741585
1813821
616006
517945
767464
4167436
2980189
1412064
2274919
2617250
3813849
1999224
2023518
2020854
1923432
2237604
1885804
1870876
2426030
2131608
4005342
2259079
239316
65425
1463310
1346927
2914381
407492
731729
174934
1016400
1455144
2511226
2180137
383683
2182073
2395657
1635114
1526208
316759
1955590
1126592
42002
4321257
358083
1045761
868790
2905414
585154
1936606
1855250
2004645
1560208
1434633
1180323
3904438
4321382
4368837
1993500
1595515
241431
207194
2539145
102539
2534253
330483
417409
1493148
2024712
1269743
3433084
561412
786330
1982447
1150198
1428888
1126592
2054296
2015143
1842196
40813
2861893
1589248
1556524
2684725
1068708
2103656
2956838
1270452
2063337
1968692
2127090
730933
2273455
1367691
1506959
1804324
2351569
400574
1249910
2515873
1554954
1283450
5512818
1922181
19378
773453
936597
1573844
2147061
1034999
2246163
606084
1012662
1704596
1524357
2919209
1407920
1514897
2950378
1553337
1380249
1362205
5167652
1646905
2886395
1030720
2291923
2114140
1201986
1579482
2363309
942060
2448676
1605282
616566
1276961
521026
5312198
56212
2253256
278122
771826
1035905
5665
1215514
1142186
273448
4950274
2685685
5924762
1467803
32712
1045873
1362899
1097079
2455764
2687922
1164528
283595
2889529
1469990
649928
640750
3461044
1411584
4886004
2464193
2369156
2670059
1578433
2344484
5644938
937134
4465523
1021866
864378
4876181
2050533
464859
2840254
1753750
464859
2901288
1673903
635437
1974132
3424561
1154430
49822
1053240
2765920
585297
3076342
2237752
1621741
306009
1470482
1695530
2808205
2310446
2496922
2310446
1162981
629979
481928
5603608
1787199
2099293
813688
492301
578925
1736205
2343331
1453553
1851863
1469923
2953672
1955029
2535589
2808205
1461722
597814
2228248
1578245
1978407
901057
346283
467654
2026137
5769566
211423
2708564
2081611
2350360
1322802
438524
1435058
84046
1589404
929432
2080853
2398110
1565849
2887370
419279
1302871
2070501
1646905
2402295
847414
2218656
605216
1886988
2714734
2427320
154154
2988032
461130
226521
2978800
2384821
1839787
726401
4706849
2329055
2074973
759648
1828174
4690257
1802107
481026
1959385
301641
903140
4906399
491560
460258
4145938
1038418
3460022
1500176
2800371
1255002
5630119
742287
2917456
1500297
877466
1597878
927362
3167833
629979
1105132
1576410
383687
2833126
457083
151361
1595515
4990356
666679
2172771
1032549
168416
466992
900508
2372537
2997610
1240315
2664126
2100740
4486011
2007337
1691929
671635
1658939
1113268
136293
2975852
4186624
78499
1226592
2000799
1169170
2145072
1838214
5020345
254878
5905202
1669601
558676
419279
2145681
1964484
1573134
2524474
527273
2905897
877666
2117443
1956153
1804634
1594399
396701
5184359
2837594
1367691
2195038
179608
734038
2393780
1272331
2093004
1262326
525629
2472042
2078863
1307188
2814754
1908412
2991655
207194
4722710
2055473
401418
41448
2417201
2557682
3778322
2674347
2009818
1308172
2575610
1472964
1630571
1084886
1225271
2147738
417409
1116665
5814879
38234
1652352
7954
2669531
365394
1675494
866730
1074957
1594710
838186
1367691
771460
3025677
669751
1582216
2311854
2028791
2037216
235632
235677
102893
499220
2199500
2849332
980314
1583114
1897700
5189139
2705237
2448442
2668050
1924197
2452982
2482467
306955
3516841
1245430
5478457
657074
1008976
1319271
495095
2030015
1635350
2420715
2723245
2030453
2395657
1579243
1537078
2322013
770473
4606820
2665055
2895823
347902
1739331
2304737
177397
2873547
2056550
675620
455188
2793710
5665
1650995
1604116
1727959
326862
2921991
1298538
56212
1992913
377826
1872440
174934
3504782
1666483
1475050
1269988
2479040
2518883
264701
1640619
471739
2836590
1263422
2053340
1366890
2452468
1258879
804803
2911965
1724725
1075581
1917819
1055507
2535161
2180239
1649064
2516470
1173391
2806694
818581
2977877
5148555
5074466
915246
850576
752610
2719350
2518009
3216967
1307622
2676729
2272512
1246307
594179
2408766
1726360
1402398
916175
2228412
694302
615852
1083530
2848196
358640
338509
3797392
1467207
3113898
1785666
2050930
1796618
2554271
2949231
1286945
605216
398583
2272216
2003285
156759
766868
2703351
351643
2518745
1823762
2395657
1280144
1920930
179608
2669531
1920229
2063337
1629899
5103820
1648146
4762829
1830417
1373621
2034784
3028830
4486483
1509225
5355681
1703535
1997992
355760
2977846
1635350
278681
2553253
1090420
1486850
1825535
2115694
545510
947010
2690310
1706606
37242
1192806
1114102
3385472
1163679
2037615
2975617
239065
1304021
1154840
902755
2948239
2231392
689621
1454162
476799
1300951
2034784
1629561
1679386
661677
1618793
741943
1153771
2032779
1643164
615646
2760048
1630485
2250240
1885804
2751985
464859
679533
306955
2041081
2625750
1793472
741943
2563170
1811711
296296
1769289
2206557
2683889
1827717
752057
1974132
2120356
2351488
2479585
1576005
2986779
2384161
1615012
1540453
2961412
2741148
2268838
2812304
2483720
2720391
1551081
5451658
398825
1549786
338311
943659
242626
2236200
1406174
1363044
1594496
1016380
2634243
4289795
2818934
517642
2573062
2524769
366885
425570
2580945
2717463
1022242
2486457
396749
471400
2899313
5939568
3137681
1891680
2247423
13147
1753341
517889
364327
2229434
546682
2393700
1280144
1842204
420140
2493938
2611101
762732
1063490
2272955
1072800
891958
503269
1524618
708425
306955
2423943
542610
2923337
464859
705819
2643299
737589
408374
2888820
2307134
2315416
2589
666852
2037615
424386
1035475
2551773
228100
987236
5570500
1914282
3850197
2347790
305575
2819965
2194954
4580588
2034784
1248065
305575
392728
665118
1393505
1203623
579561
3373642
2248001
4546697
1101175
3163323
383683
82928
3544192
19399
5549623
94243
2451529
1594686
1095404
1890095
1480096
979398
2976920
2869761
1499042
1778162
1561884
2337876
5339355
1041717
90477
2995729
2984230
1666452
5384233
1368756
2185406
1271044
2112098
2154344
4120012
891483
1948405
2063082
2588889
894564
2693378
1708082
1929626
1993500
1535759
2890061
1209917
2180137
2435334
1813699
592002
2338979
2810097
1633963
2966732
5080661
2140242
2177331
2120957
368720
989361
3139123
5271738
1250961
188650
2976920
1431706
525646
2961799
4093599
1839345
2889556
5315241
1145262
1895272
485452
1431706
2611944
1624967
4742854
2511378
2931263
1849069
2795469
1580942
313390
1579243
1406174
2121472
2049452
100642
1903370
1475711
1966946
767004
1724725
1326951
562903
1695664
3533272
1849215
2812304
174934
2089192
1997992
1619479
5573041
2073363
1289008
3463015
1053789
2477199
590749
2917456
299072
1357896
2901892
5955504
1944863
3626386
1665607
2584063
3526154
337247
1355331
579290
1918343
312192
1810855
550033
1914405
2569467
2656473
1288575
2278413
395233
1267948
1289037
2229328
1244473
816800
53959
251494
2111510
815857
532537
2607558
1016650
2445700
802642
2314913
1458137
3410969
1878874
2839653
1669847
2750901
1628038
1163938
2408800
2555780
2728033
2040159
4054
2616054
941321
1581383
420204
2132800
1797721
1068071
857942
1493148
1375614
2231392
541833
249848
2014689
794983
2098890
1726729
2601586
925822
287832
2833126
310497
2894117
76893
1575528
2509176
1903843
883171
2899238
2109445
1023400
2463904
179608
4062876
102893
1100390
2267037
415784
1249910
3680535
932581
56851
4550836
1521514
1883053
2393560
1698293
2423991
916077
1505138
297534
1493148
1306439
1135125
610669
563325
1258488
2298478
2479571
842728
2872341
1981526
4228900
879946
2472042
2435461
2221032
112957
527484
103096
2424956
926526
4281067
1964484
334782
71543
1149879
2353900
2679474
2194778
4457661
752057
2490129
2588889
5855865
666679
206876
866743
245076
2806952
2089192
2479571
2585040
2107409
1845616
4094849
449595
1994722
1579006
405230
2461580
1190289
2386993
5082756
1232583
4024996
745038
454106
788552
1199235
1895115
1778162
2213214
531075
695331
1726729
2165008
2340769
832547
78499
391559
575689
1317798
786868
2186981
744878
1460933
1214919
883572
335540
1811711
2585040
1901396
1997885
225566
1769730
994056
52864
2611384
2116125
1788050
203672
2449893
1715443
2137741
1063781
2093610
2899313
1838214
5232182
2442667
1085194
895417
263789
2721597
602374
2557734
1695664
2738397
1883785
558602
2394707
1495905
493110
510461
3182715
3944912
3525399
2048145
1240232
2267813
1342839
977611
5919883
116757
2449266
2588123
2201867
4068048
198123
2700128
496713
2724939
1063781
58453
2619418
875370
1295617
2753749
2677453
1642503
2972068
490974
231193
671899
1362202
613302
2447038
2707476
962346
2553427
2716573
1402398
2636604
1677848
1443021
3769050
715240
1659575
1897543
2776461
2869783
1682235
1552802
3509997
976860
461130
1644708
2465961
2681342
1354810
1840800
2729908
488006
1765508
2516780
1580942
330944
2032779
521510
1578845
1528444
2181119
2782373
2509176
1622926
1929626
924493
3478370
2109425
813783
1689416
2400396
63946
2934366
1499941
498739
1216640
312250
492106
2616921
2077017
989102
2045467
1370991
487966
1888385
3707413
1030375
411689
2617923
692807
257259
998811
5135095
1579006
2481465
1688239
2785423
325062
1394563
1692122
708425
1591868
1030375
2960708
1134009
672146
2487257
294472
1830622
1551123
863890
2170381
3166945
2037216
619795
1067186
40813
1678988
2347898
1896360
2444478
2161126
4228164
1873222
4976193
1198951
2731618
1690994
451222
1439892
1059913
103096
1142081
5241216
2372164
42002
837321
1388170
2512837
2810808
1395205
2415962
3936603
2600423
2271419
585271
2366425
1013496
2429148
2972853
545510
372988
331711
554568
2942283
2184345
1840494
91097
2122470
2789574
390625
868790
172014
5892692
5273109
1520758
1513561
1940700
513275
1718391
935323
898680
230583
2934468
1272533
1489470
594946
2643299
2949257
272615
135809
1319271
2192220
398622
2387945
1619273
1013860
2833126
621359
1579243
1028803
797451
4091446
5241592
148733
170005
1842204
1887353
1727255
2466841
259697
650031
585907
1475050
1258747
2181119
1765836
2172679
3059006
1717699
4987761
1070923
909712
1151798
3604072
2105148
2322013
1291500
657074
2735792
2086243
2236200
2941580
2825068
2478623
2055473
2440016
2132071
985419
2025499
625694
733558
616195
867783
2445581
1610057
2447240
684092
213260
2129774
1265886
2701772
1394563
241431
1025663
2861452
1580383
2798983
917322
3660912
1685378
2675991
2859368
653110
5134847
3554184
1855250
2334049
1923432
541833
2518745
212857
2923337
1758684
4665469
2115629
2764141
2716001
46167
2412619
1700834
5889507
69943
2897222
2411924
1993500
1205395
549520
2595189
2161126
2276714
1151967
166620
176161
483369
2070477
2049052
1265886
1576718
2742416
1938242
1302268
2497709
2120957
1728032
3167524
1046846
848179
141323
675054
39142
2089192
1597267
2150475
617212
847187
932791
1736230
352525
2071627
5058800
1901446
1830417
2996282
454511
1615012
615852
2215488
3668112
1955590
2089259
298665
1944351
2902932
222135
2089230
1721053
289595
1406872
54850
17450
1385778
1673161
4908249
314287
2847962
2246592
5763433
813688
2960708
1676520
399646
1980077
2886383
1489763
2857401
2255447
2565372
2182129
4972351
587115
2936415
1789271
745038
3230427
1415135
220398
289819
1030941
579004
2449893
4857865
4211005
5130824
4817118
2719350
1240898
1695664
2967921
1467893
821558
552100
13653
4788728
1374237
4061757
4718774
1918343
1039057
2360174
1283172
3564806
1486850
464201
1546922
4972904
2960708
909712
2048598
238537
506017
5402044
2263673
101826
925822
226521
2347898
2857248
534586
1397896
1086337
2032557
2411592
2412619
1838214
2512837
2259926
3522523
2894187
1205772
166352
1688357
3427036
3159376
3943
1102223
712786
1169170
4884255
4057835
104836
363025
2668497
2689205
1695530
3323984
2362494
2093004
364540
939517
676803
2713457
4078839
675093
1205772
2843358
2943015
520617
3352945
2716573
1214455
1021441
940942
2203472
1102102
695099
741026
1994097
721384
3347428
1056110
1652982
578925
1337381
5415359
387838
1197012
687306
2029653
2618279
421755
2216417
4682901
651318
2229001
1994722
2653334
1997992
2770427
5316777
5162492
2293253
2308893
2621622
707063
1940700
622639
2973317
997975
665553
985696
2619913
1214059
1947738
707063
2291772
2674237
1403592
2427320
1744550
2171081
2861128
432068
2230095
353107
1706091
1667515
1825568
424176
1129753
2652340
673887
2291571
633288
4303394
719430
2215864
3324373
1693478
2811641
2091699
5310201
1198390
1048237
787115
1982447
5788229
2374088
2886383
1235236
3383408
2366313
1250961
4062844
1178603
2092955
5074675
2067271
1840800
1679852
1812110
337523
1958039
5613450
2423943
906356
815857
2940984
1283042
2899582
81434
1026332
1076933
4268000
1259652
5547887
1295617
706286
1908902
4224194
1451223
936747
3211427
115607
2428004
489429
2899145
864378
577389
1873216
1816235
4910048
2186174
1669847
1674558
883998
1634254
4442998
4874384
1825568
2668886
1607379
321284
1597878
98496
2934551
2408201
2693378
413707
562072
2449754
5141824
499271
3144760
529239
1517717
3256457
2844684
1771702
905201
905201
4596956
272615
5658549
2413024
503241
2551386
1684802
519602
1668546
583628
1539991
1796664
1021866
39994
1856107
3576648
1035905
5644547
957552
2086990
2511454
1992950
939517
864378
2489882
2967921
5212861
5395948
1615685
1971451
1030720
1851436
1048237
2348706
2123207
3417978
1472964
1137494
1211490
1048584
1830622
3054575
263983
65984
5510304
84046
2101085
458306
2617250
1179879
1778675
393476
176161
3406141
1182801
2216647
1275736
3303558
2595189
259697
1027278
1137652
1958039
495692
1396816
1474028
2259079
2296361
1426119
2625750
610293
2934366
12527
2246700
2996771
4059432
2653334
1613854
2487446
1752857
598708
2573062
716881
1809485
1307188
2192481
2273455
2380311
2753749
937732
2726466
2867633
2862545
509538
1137548
250666
396004
2377256
2683889
1940700
245697
1345931
764051
1383529
3049417
1075254
1574797
2590934
499271
2919209
1702728
156759
20747
243759
5864513
1839995
2955550
2825807
2885988
458188
2669531
2980189
1723118
2771583
5614335
2030596
1636442
653985
77458
2220133
2208672
2980742
5375215
741300
509538
2049452
3305857
1255848
125212
1338988
4445743
469017
737428
2061583
5189181
1043569
1307622
2705237
1512257
561196
2395657
49965
1544149
2857401
1337381
3392836
2406169
795435
425777
2551773
1830417
5688664
2612646
1521994
1390837
1065920
1086337
2613163
1112245
3704333
367317
2297109
32704
3833129
2232001
884434
5927958
4708132
2158677
1463847
672904
2153333
3087762
2307711
1512660
2992848
1136905
1929835
1640696
1430981
1981802
1873173
179864
2338979
2649214
749433
2076536
1286745
703430
1075777
390755
1970990
263105
1579482
1231902
4481704
1283042
1715961
660296
2412619
5789140
2543577
1955029
2604599
2480871
1835056
1682496
2093211
4388440
2330260
1883391
2849332
720293
868790
1435246
1829462
2171024
826583
2448676
4553085
692807
1216984
967877
3583990
1441464
2846352
2540421
2635550
2319615
1524357
2078863
2479201
2059108
1807053
1636927
2470518
1107211
2006387
1288463
2976946
1196102
4776782
647173
280397
2503870
2099364
2059108
5466468
1341332
479941
1882777
1885134
1556524
2401195
2481465
2176470
2114593
4875112
753912
5665692
2751985
1791030
1461722
1047827
1765508
4984040
2033035
1628173
2634409
1578845
597639
1815430
2979844
883171
1175947
11041
1498312
2360691
457515
2509872
2523905
837321
2576239
4995890
988934
5718290
518534
762732
2185273
1240183
5630437
2842266
2427320
895722
2610214
2044599
420140
4849707
2125075
1065685
362901
53463
1179327
2334776
4371237
868214
897650
458045
2820790
877466
666411
3296505
2170930
2897222
2230731
263105
5530976
2649214
2226158
4028972
1095430
2936415
1713095
2846352
1171782
1597496
2535161
1446085
3817630
2985617
2514290
2443726
163623
2806209
649163
165452
3663592
1841708
1912035
672904
2729189
2967595
1264342
1509225
795005
610022
218850
883398
2456991
4156317
383683
2527521
2512299
2320167
981806
2713457
392696
1092348
2524092
2359090
36609
590749
989102
159845
1442721
1833310
4354418
911849
1604116
1110235
3605762
2885805
2024712
370097
1488476
1970534
5738122
317705
2705237
1242114
1883053
2318635
552100
1653799
5547584
628182
470901
2515094
822943
2391282
1865641
130209
2268354
781751
822943
2005154
222060
602374
1054209
1842740
1402398
2930765
2174247
332121
61419
1748650
251316
1571017
2449636
637785
1519521
909039
2063377
2751921
347736
48665
538748
832839
2842139
387172
4064021
2824060
1695530
2266831
651318
770661
134524
2356936
2963412
2957451
2908505
368927
2231967
2963491
1368562
2960708
2617146
5750702
2372710
2415962
1656910
133560
417409
1366317
1897455
1273300
2049452
2105541
2820088
815460
1938740
883398
1718831
20789
2518009
2333590
110641
5676030
893189
1616312
2398110
1777166
1882924
417515
1679852
2089192
1526698
418134
814870
2622361
961256
3479621
2143159
4203091
2449133
1118195
2839490
937132
2155453
2544071
392696
2054333
955288
1929626
27181
1565849
2129087
410323
1780859
3378326
699953
2683889
2187460
2272054
396569
2023089
944786
2655265
202980
2034784
1120596
1886988
397287
2512073
1289284
2321163
1406008
2743936
383687
1563496
1801340
1811711
1958777
96674
2820553
1222561
4936969
2741148
2432074
941321
864414
1760449
800107
1572573
1445665
2942361
4472347
870408
5746157
345915
2539617
1616030
1499080
876471
678078
230583
1592160
1329017
922017
520236
458306
2515873
909773
1239649
72890
1322802
2588889
2270593
2086243
1314751
2820790
1918491
418248
2216403
364327
406069
1302531
384721
1381978
1119686
1826501
2589757
3189595
505272
286384
941321
2450069
555575
2272054
1343129
2318635
1475050
826831
5916455
3121722
231193
1030057
1021441
2652928
1070923
2233821
1839331
1475050
1965493
413783
1924963
4317328
2024782
1784380
1206946
1841708
1268750
537542
2584063
505272
4762409
